key_name, file_id,            name,   icon, unit,       fishing_value, bonus_cash, bonus_score, radius_x, radius_y, move_speed, min_move_speed, max_move_speed, adjust_speed_interval, adjust_speed_value, flee_rate, flee_time, refresh_interval, move_radius, angle_offest, shoal_num, shoal_offest_x, shoal_offest_y, max_anger, anger_icon, anger_tick
–°π‚”„,   "fish/xiaoguangyu", –°π‚”„, 8410, @^1035540~, 150000,        150000,     10,          9,        4,        80,         30,             100,            -1,                    20,                 5,         1000,      10000,            300,         40,           5,         20,             20,             0,         0,          0
–°ª∆”„,   "fish/xiaohuangyu", –°ª∆”„, 8411, @^1035540~, 300000,        300000,     20,          11,       5,        75,         30,             90,             -1,                    15,                 7,         1000,      10000,            300,         40,           5,         20,             20,             0,         0,          0
…Òœ…”„,   "fish/shenxianyu",  …Òœ…”„, 8412, @^1035540~, 450000,        450000,     30,          12,       8,        70,         40,             100,            -1,                    15,                 10,        1000,      10000,            300,         40,           5,         20,             20,             0,         0,          0
∫”Î‡”„,   "fish/hetunyu",     ∫”Î‡”„, 8413, @^1035540~, 750000,        750000,     50,          17,       11,       100,        80,             100,            3000,                  10,                 12,        1000,      1000,             175,         35,           0,         0,              0,              0,         0,          0
–°≥Û”„,   "fish/xiaochouyu",  –°≥Û”„, 8414, @^1035540~, 1050000,       1050000,    70,          14,       6,        90,         80,             90,             3000,                  15,                 15,        1000,      3000,             200,         35,           0,         0,              0,              0,         0,          0
ˆ˝”„,     "fish/bianyu",      ˆ˝”„,   8415, @^1035540~, 1500000,       1500000,    100,         17,       6,        60,         60,             80,             5000,                  8,                  18,        1000,      3000,             225,         30,           0,         0,              0,              0,         0,          0
∫Ï…º”„,   "fish/hongshanyu",  ∫Ï…º”„, 8416, @^1035540~, 2250000,       2250000,    150,         16,       7,        60,         50,             70,             6000,                  6,                  20,        2000,      5000,             250,         30,           0,         0,              0,              0,         0,          0
Œ⁄πÍ,     "fish/wugui",       Œ⁄πÍ,   8417, @^1035541~, 3750000,       3750000,    250,         21,       18,       20,         20,             30,             5000,                  5,                  25,        2000,      5000,             275,         25,           0,         0,              0,              0,         0,          0
µ∆¡˝”„,   "fish/denglongyu",  µ∆¡˝”„, 8418, @^1035540~, 7500000,       7500000,    500,         23,       13,       50,         50,             70,             7000,                  5,                  30,        2000,      7000,             300,         20,           0,         0,              0,              0,         0,          0
ƒßπÌ”„,   "fish/moguiyu",     ƒßπÌ”„, 8419, @^1035540~, 15000000,      15000000,   1000,        23,       17,       50,         50,             70,             5000,                  5,                  35,        2000,      10000,            350,         20,           0,         0,              0,              0,         0,          0
ˆË”„,     "fish/shayu",       ˆË”„,   8420, @^1035540~, 75000000,      75000000,   5000,        42,       18,       40,         40,             50,             4000,                  5,                  5,         3000,      45000,            -1,          -1,           0,         0,              0,              0,         0,          0
ΩˆË,     "fish/jinsha",      ΩˆË,   8421, @^1035540~, 450000000,     450000000,  30000,       53,       19,       30,         30,             45,             3000,                  5,                  5,         5000,      65000,            -1,          -1,           0,         0,              0,              0,         0,          0
æ®,       "fish/jing",        æ®,     8436, @^1035540~, 1500000000,    1500000000, 100000,      138,      38,       20,         20,             35,             3000,                  5,                  5,         5000,      120000,           -1,          -1,           0,         0,              0,              15,        8442,       3240

