#forbidden_item.list
#禁止被交易、摆摊、丢弃、售卖的道具列表
#Modifid by Huang Yadan @ 2006-10-19
#
#每个道具占一行，后面对应列置 1 表示禁止对应的操作，置 0 表示允许
#
#每个道具在这里设定的属性数目要与 gs/daemons/itemd.c 中的
#宏 TOTAL_ATTRIB_NUM 保持一致，如果新加入了属性，则要更新宏 TOTAL_ATTRIB_NUM

#道具名称          禁止交易    禁止摆摊    禁止丢弃    禁止出售（向 NPC 出售）
道具套餐卡,          0,          1,          1,          0
超级仙风散,          0,          1,          1,          0
超级八卦阴阳令,          0,          1,          1,          0
易经洗髓丹,          0,          1,          1,          0
五行合缘露,          0,          1,          1,          0
灵晶盒,          0,          1,          1,          0
超级归元露,          0,          1,          1,          0
天神护佑,          0,          1,          1,          0
灵引咒,          0,          1,          1,          0
急急如律令,          0,          1,          1,          0
金蝉脱壳,          0,          1,          1,          0
血池,          0,          1,          1,          0
灵池,          0,          1,          1,          0
BOSS卡,      0,          1,          1,          0
杀星卡,          0,          1,          1,          0
跑环记录卡,          0,          1,          1,          0
饰物合成卡,          0,          1,          1,          0
兽魂散,          0,          1,          1,          0
兽灵散,          0,          1,          1,          0
驯兽诀,          0,          1,          1,          0
离线摆摊卡,          0,          1,          1,          0
粉水晶,          0,          1,          1,          0
火眼金睛,          0,          1,          1,          0
超级藏宝图,          0,          1,          1,          0
改头换面卡,          0,          1,          1,          0
情缘盒,          0,          1,          1,          0
天换石,          0,          1,          1,          0
老酒,          0,          1,          1,          0
飞行符,          0,          1,          1,          0
仙灵卡,          0,          1,          1,          0
超级黑水晶,          0,          1,          1,          0
黄水晶,          0,          1,          1,          0
锦囊,          0,          1,          1,          0
强力驱魔香,          0,          1,          1,          0
卡套,          0,          1,          1,          0
神木鼎,          0,          1,          1,          0
绿水晶,          0,          1,          1,          0
经营许可证,          0,          1,          1,          0
惊妖铃,          0,          1,          1,          0
烟花筒,          0,          1,          1,          0
血玲珑,          0,          1,          1,          0
法玲珑,          0,          1,          1,          0
引路蜂,          0,          1,          1,          0
超级神兽丹,          0,          1,          1,          0
高级道具套餐卡,          0,          1,          1,          0
高级血池,          0,          1,          1,          0
高级灵池,          0,          1,          1,          0
材料箱,          0,          1,          1,          0
特效仙风散,          0,          1,          1,          0
超级升级包,         0,          1,          1,          0
高级血玲珑,          0,          1,          1,          0
高级法玲珑,          0,          1,          1,          0
超级绿水晶,          0,          1,          1,          0
丹药盒,          0,          1,          1,          0
宠风散,         0,          1,          1,          0
圣水晶,         0,          1,          1,          0
元气丹,         0,          1,          1,          0
无量心经,         0,          1,          1,          0
钥匙串,         0,          1,          1,          0
灵物囊,         0,          1,          1,          0
御灵粮袋,         0,          1,          1,          0
天书,         0,          1,          1,          0
高级驯兽诀,         0,          1,          1,          0
灵物囊,         0,          1,          1,          0
御灵粮袋,         0,          1,          1,          0
中级血玲珑,         0,          1,          1,          0
中级法玲珑,         0,          1,          1,          0
中级血池,         0,          1,          1,          0
中级灵池,         0,          1,          1,          0
道具套餐体验卡,         0,          1,          1,          0
鲜花卡,         0,          1,          1,          0
水果卡,         0,          1,          1,          0
超级圣水晶,         0,          1,          1,          0
幻境石,         0,          1,          1,          0
工匠宝箱,         0,          1,          1,          0
风灵丸,         0,          1,          1,          0
如意战斗令,         0,          1,          1,          0
封印石,         0,          1,          1,          0
百变盒,         0,          1,          1,          0
精炼黄水晶,         0,          1,          1,          0
精炼绿水晶,         0,          1,          1,          0
精炼超级绿水晶,         0,          1,          1,          0
精炼粉水晶,         0,          1,          1,          0
混沌玉,         0,          1,          1,          0
定时烟花,         0,          1,          1,          0
特级圣水晶,         0,          1,          1,          0
聚元血玲珑,         0,          1,          1,          0
聚元法玲珑,         0,          1,          1,          0
糖浆,         0,          1,          1,          0
#包子,         0,          1,          1,          0
#拨浪鼓,         0,          1,          1,          0
天技召唤卡,         0,          1,          1,          0
仙魔散,         0,          1,          1,          0
点化丹,         0,          1,          1,          0
聚灵石,         0,          1,          1,          0
特级八卦阴阳令,         0,          1,          1,          0
宠物成长丹,         0,          1,          1,          0
喇叭,         0,          1,          1,          0
#天星石,        0,          1,          1,          0
天赐卡,         0,          1,          1,          0
秘笈合成卡,         0,          1,          1,          0
自动摆摊卡,         0,          1,          1,          0
乾坤锁,         0,          1,          1,          0
第三代乾坤锁,        0,          1,          1,          0
五彩龙蛋,         0,          1,          1,          0
易经洗髓便捷卡,         0,          1,          1,          0
兽魂便捷卡,         0,          1,          1,          0
风灵便捷卡,         0,          1,          1,          0
果仁糖葫芦,         0,          1,          1,          0
纸鸢,         0,          1,          1,          0
宝宝圣水,         0,          1,          1,          0
娃娃装备合成石,         0,          1,          1,          0
竞技点券,         0,          1,          1,          0
百草集,         0,          1,          1,          0
凝香草,         0,          1,          1,          0
醒狮丹,         0,          1,          1,          0
图案摆放卡,         0,          1,          1,          0
喜贺仙幅,         0,          1,          1,          0
天空石,         0,          1,          1,          0
万象明德套装・男,        0,          1,          1,          0
九天龙腾套装・男,        0,          1,          1,          0
万象婀娜套装・女,        0,          1,          1,          0
九天凤舞套装・女,        0,          1,          1,          0
盛世非凡套装・男,        0,          1,          1,          0
傲视斓彩套装・女,        0,          1,          1,          0
龙腾盛世礼花,        0,          1,          1,          0
吉祥如意套装・男,        0,          1,          1,          0
傲视双绝套装・男,        0,          1,          1,          0
龙盘青云套装・男,        0,          1,          1,          0
吉祥富贵套装・女,        0,          1,          1,          0
盛世霓裳套装・女,        0,          1,          1,          0
龙盘五蕴套装・女,        0,          1,          1,          0
源初猴・男,        0,          1,          1,          1
源初猴・女,        0,          1,          1,          1
源初蛙・男,        0,          1,          1,          1
源初蛙・女,        0,          1,          1,          1
炼魂丹,        0,          1,          1,          0
装备共鸣石,        0,          1,          1,          0
超级灵石,          0,          1,          1,          0
超级晶石,          0,          1,          1,          0
气象石,        0,          1,          1,          0
超值家具礼包・幽雅小居,        0,          1,          1,          0
超值家具礼包・豪华居所,        0,          1,          1,          0
超值家具礼包・花园别墅,        0,          1,          1,          0
专属家具礼包・翡翠庄园,        0,          1,          1,          0
宠物顿悟丹,        0,          1,          1,          0
天道神符,        0,          1,          1,          0
御魂・轩辕神剑,        0,          1,          1,          0
御魂・九天玄龟,        0,          1,          1,          0
御魂・霸天玉瑶,        0,          1,          1,          0
御魂・孔雀翎,        0,          1,          1,          0
爱心铭牌,        0,          1,          1,          0
卷轴铭牌,        0,          1,          1,          0
彩云铭牌,        0,          1,          1,          0
八卦铭牌,        0,          1,          1,          0
火焰铭牌,        0,          1,          1,          0
鱼仙饵,        0,          1,          1,          0
猿兽丹,        0,          1,          1,          0
菩提子,        0,          1,          1,          0
特级血玲珑,        0,          1,          1,          0
特级法玲珑,        0,          1,          1,          0
八卦神符,        0,          1,          1,          0
聚灵宝箱,        0,          1,          1,          0
符文宝箱,        0,          1,          1,          0
符文宝石・羊脂玉,        0,          1,          1,          0
符文宝石・蓝玉髓,        0,          1,          1,          0
符文宝石・红玛瑙,        0,          1,          1,          0
符文宝石・黄龙石,        0,          1,          1,          0
符文宝石・祖母绿,        0,          1,          1,          0
符文宝石・紫袍玉,        0,          1,          1,          0
五级镶嵌令,        0,          1,          1,          0
六级镶嵌令,        0,          1,          1,          0
七级镶嵌令,        0,          1,          1,          0
八级镶嵌令,        0,          1,          1,          0
九级镶嵌令,        0,          1,          1,          0
十级镶嵌令,        0,          1,          1,          0
心法宝典,        0,          1,          1,          0
超级女娲石新服礼包,        0,          1,          1,          0
超级天书,        0,          1,          1,          0
180天年费会员卡,        0,          1,          1,          0
360天年费会员卡,        0,          1,          1,          0
修为丹,        0,          1,          1,          0
十年一梦套装・男,        0,          1,          1,          0
十年一梦套装・女,        0,          1,          1,          0
超级灵宝丸,        0,          1,          1,          0
武器改造令,        0,          1,          1,          0
防具改造令,        0,          1,          1,          0
盛世鲜花雨,        0,          1,          1,          0
特效仙风丹,        0,          1,          1,          0
超级仙风丹,        0,          1,          1,          0
宠风丹,        0,          1,          1,          0
高级如意战斗令,        0,          1,          1,          0
呼风唤雨符,        0,          1,          1,          0
绫罗幻形镜,        0,          1,          1,          0
特级藏宝图,        0,          1,          1,          0
