#FORM2
#家具图信息

[50011]
dir : ({ 1, 3, 5, 7 })
ref_x_1 : 1
ref_y_1 : 1
width_1 : 4
height_1 : 4
pots_1 : "3,0|2,0|1,0|1,1|2,1|3,1|0,1|0,2|1,2|2,2|3,2|0,3|1,3"
ref_x_3 : 1
ref_y_3 : 1
width_3 : 4
height_3 : 4
pots_3 : "0,0|1,0|0,1|1,1|2,1|3,1|0,2|1,2|2,2|3,2|1,3|2,3|3,3"
ref_x_5 : 1
ref_y_5 : 1
width_5 : 4
height_5 : 4
pots_5 : "3,0|2,0|1,0|1,1|2,1|3,1|0,1|0,2|1,2|2,2|3,2|0,3|1,3"
ref_x_7 : 1
ref_y_7 : 1
width_7 : 4
height_7 : 4
pots_7 : "0,0|1,0|2,0|0,1|1,1|2,1|3,1|0,2|1,2|2,2|3,2|1,3|2,3|3,3"

[50012]
dir : ({ 1, 3, 5, 7 })
ref_x_1 : 1
ref_y_1 : 2
width_1 : 4
height_1 : 5
pots_1 : "3,0|2,0|1,0|1,1|2,1|3,1|0,1|0,2|1,2|2,2|3,2|0,3|1,3|2,3|0,4"
ref_x_3 : 1
ref_y_3 : 2
width_3 : 4
height_3 : 5
pots_3 : "0,0|1,0|0,1|1,1|2,1|3,1|0,2|1,2|2,2|3,2|0,3|1,3|2,3|3,3|2,4|3,4"
ref_x_5 : 1
ref_y_5 : 2
width_5 : 4
height_5 : 5
pots_5 : "3,0|2,0|1,0|1,1|2,1|3,1|0,1|0,2|1,2|2,2|3,2|0,3|1,3|2,3|0,4"
ref_x_7 : 1
ref_y_7 : 2
width_7 : 4
height_7 : 5
pots_7 : "0,0|1,0|0,1|1,1|2,1|3,1|0,2|1,2|2,2|3,2|0,3|1,3|2,3|3,3|2,4|3,4"

[50013]
dir : ({ 1, 3, 5, 7 })
ref_x_1 : 2
ref_y_1 : 2
width_1 : 4
height_1 : 5
pots_1 : "3,0|2,0|1,1|2,1|3,1|0,1|0,2|1,2|2,2|3,2|0,3|1,3|2,3|3,3|0,4"
ref_x_3 : 1
ref_y_3 : 2
width_3 : 4
height_3 : 5
pots_3 : "0,0|1,0|0,1|1,1|2,1|3,1|0,2|1,2|2,2|3,2|0,3|1,3|2,3|3,3|2,4|3,4"
ref_x_5 : 2
ref_y_5 : 2
width_5 : 4
height_5 : 5
pots_5 : "3,0|2,0|1,1|2,1|3,1|0,1|0,2|1,2|2,2|3,2|0,3|1,3|2,3|3,3|0,4"
ref_x_7 : 1
ref_y_7 : 2
width_7 : 4
height_7 : 5
pots_7 : "0,0|1,0|0,1|1,1|2,1|3,1|0,2|1,2|2,2|3,2|0,3|1,3|2,3|3,3|2,4|3,4"

[50041]
dir : ({ 1, 3, 5, 7 })
ref_x_1 : 2
ref_y_1 : 3
width_1 : 6
height_1 : 7
pots_1 : "5,0|4,0|3,0|3,1|4,1|5,1|2,1|1,1|1,2|2,2|3,2|4,2|5,2|0,2|0,3|1,3|5,3|4,3|0,4|1,4|4,4|5,4|0,5|1,5|0,6|1,6"
ref_x_3 : 3
ref_y_3 : 3
width_3 : 6
height_3 : 7
pots_3 : "0,0|1,0|2,0|0,1|1,1|2,1|3,1|4,1|0,2|1,2|2,2|3,2|4,2|5,2|0,3|3,3|4,3|5,3|1,3|0,4|1,4|4,4|5,4|5,5|4,5|4,6|5,6"
ref_x_5 : 2
ref_y_5 : 3
width_5 : 6
height_5 : 7
pots_5 : "5,0|4,0|3,0|3,1|4,1|5,1|2,1|1,1|1,2|2,2|3,2|4,2|5,2|0,2|0,3|1,3|5,3|4,3|0,4|1,4|4,4|5,4|0,5|1,5|0,6|1,6"
ref_x_7 : 3
ref_y_7 : 3
width_7 : 6
height_7 : 7
pots_7 : "0,0|1,0|2,0|0,1|1,1|2,1|3,1|4,1|0,2|1,2|2,2|3,2|4,2|5,2|0,3|3,3|4,3|5,3|1,3|0,4|1,4|4,4|5,4|5,5|4,5|4,6|5,6"

[50042]
dir : ({ 1, 3, 5, 7 })
ref_x_1 : 2
ref_y_1 : 3
width_1 : 6
height_1 : 8
pots_1 : "5,0|4,0|3,0|3,1|4,1|5,1|2,1|1,1|1,2|2,2|3,2|4,2|5,2|0,2|0,3|1,3|2,3|5,3|4,3|0,4|1,4|4,4|5,4|0,5|1,5|0,6|1,6|0,7"
ref_x_3 : 3
ref_y_3 : 3
width_3 : 6
height_3 : 8
pots_3 : "0,0|1,0|2,0|0,1|1,1|2,1|3,1|4,1|0,2|1,2|2,2|3,2|4,2|5,2|0,3|3,3|4,3|5,3|1,3|0,4|1,4|4,4|5,4|5,5|4,5|4,6|5,6|5,7"
ref_x_5 : 2
ref_y_5 : 3
width_5 : 6
height_5 : 8
pots_5 : "5,0|4,0|3,0|3,1|4,1|5,1|2,1|1,1|1,2|2,2|3,2|4,2|5,2|0,2|0,3|1,3|2,3|5,3|4,3|0,4|1,4|4,4|5,4|0,5|1,5|0,6|1,6|0,7"
ref_x_7 : 3
ref_y_7 : 3
width_7 : 6
height_7 : 8
pots_7 : "0,0|1,0|2,0|0,1|1,1|2,1|3,1|4,1|0,2|1,2|2,2|3,2|4,2|5,2|0,3|3,3|4,3|5,3|1,3|0,4|1,4|4,4|5,4|5,5|4,5|4,6|5,6|5,7"

[50043]
dir : ({ 1, 3, 5, 7 })
ref_x_1 : 2
ref_y_1 : 3
width_1 : 6
height_1 : 8
pots_1 : "5,0|4,0|3,0|3,1|4,1|5,1|2,1|1,1|1,2|2,2|3,2|4,2|5,2|0,2|0,3|1,3|2,3|5,3|4,3|0,4|1,4|4,4|5,4|0,5|1,5|0,6|1,6|0,7"
ref_x_3 : 3
ref_y_3 : 3
width_3 : 6
height_3 : 8
pots_3 : "0,0|1,0|2,0|0,1|1,1|2,1|3,1|4,1|0,2|1,2|2,2|3,2|4,2|5,2|0,3|3,3|4,3|5,3|1,3|0,4|1,4|4,4|5,4|5,5|4,5|4,6|5,6|5,7"
ref_x_5 : 2
ref_y_5 : 3
width_5 : 6
height_5 : 8
pots_5 : "5,0|4,0|3,0|3,1|4,1|5,1|2,1|1,1|1,2|2,2|3,2|4,2|5,2|0,2|0,3|1,3|2,3|5,3|4,3|0,4|1,4|4,4|5,4|0,5|1,5|0,6|1,6|0,7"
ref_x_7 : 3
ref_y_7 : 3
width_7 : 6
height_7 : 8
pots_7 : "0,0|1,0|2,0|0,1|1,1|2,1|3,1|4,1|0,2|1,2|2,2|3,2|4,2|5,2|0,3|3,3|4,3|5,3|1,3|0,4|1,4|4,4|5,4|5,5|4,5|4,6|5,6|5,7"

[50051]
dir : ({ 1, 3, 5, 7 })
ref_x_1 : 5
ref_y_1 : 2
width_1 : 11
height_1 : 6
pots_1 : "4,0|5,0|3,0|6,0|2,0|2,1|3,1|4,1|5,1|6,1|7,1|1,1|8,1|0,1|0,2|1,2|2,2|3,2|4,2|5,2|6,2|7,2|8,2|9,2|10,2|1,3|2,3|3,3|4,3|5,3|6,3|7,3|8,3|9,3|10,3|3,4|4,4|5,4|6,4|7,4|8,4|5,5|6,5"
ref_x_3 : 5
ref_y_3 : 2
width_3 : 11
height_3 : 6
pots_3 : "5,0|6,0|4,0|7,0|3,0|3,1|4,1|5,1|6,1|7,1|8,1|2,1|9,1|1,1|1,2|2,2|3,2|4,2|5,2|6,2|7,2|8,2|9,2|10,2|0,2|0,3|1,3|2,3|3,3|4,3|5,3|6,3|7,3|8,3|9,3|2,4|3,4|4,4|5,4|6,4|7,4|4,5|5,5"
ref_x_5 : 5
ref_y_5 : 2
width_5 : 11
height_5 : 6
pots_5 : "4,0|5,0|3,0|6,0|2,0|2,1|3,1|4,1|5,1|6,1|7,1|1,1|8,1|0,1|0,2|1,2|2,2|3,2|4,2|5,2|6,2|7,2|8,2|9,2|10,2|1,3|2,3|3,3|4,3|5,3|6,3|7,3|8,3|9,3|10,3|3,4|4,4|5,4|6,4|7,4|8,4|5,5|6,5"
ref_x_7 : 5
ref_y_7 : 2
width_7 : 11
height_7 : 6
pots_7 : "5,0|6,0|4,0|7,0|3,0|3,1|4,1|5,1|6,1|7,1|8,1|2,1|9,1|1,1|1,2|2,2|3,2|4,2|5,2|6,2|7,2|8,2|9,2|10,2|0,2|0,3|1,3|2,3|3,3|4,3|5,3|6,3|7,3|8,3|9,3|2,4|3,4|4,4|5,4|6,4|7,4|4,5|5,5"

[50052]
dir : ({ 1, 3, 5, 7 })
ref_x_1 : 4
ref_y_1 : 1
width_1 : 9
height_1 : 5
pots_1 : "5,0|4,0|2,0|3,0|2,1|3,1|4,1|5,1|1,1|7,1|8,1|6,1|2,2|3,2|4,2|5,2|6,2|7,2|8,2|1,2|0,2|3,3|4,3|5,3|6,3|7,3|8,3|3,4|4,4|7,4"
ref_x_3 : 4
ref_y_3 : 1
width_3 : 9
height_3 : 5
pots_3 : "3,0|2,0|4,0|5,0|6,0|3,1|4,1|5,1|6,1|7,1|0,1|2,1|1,1|0,2|1,2|2,2|3,2|4,2|5,2|6,2|7,2|8,2|2,3|3,3|4,3|5,3|1,3|0,3|0,4|1,4|4,4|5,4"
ref_x_5 : 3
ref_y_5 : 1
width_5 : 9
height_5 : 5
pots_5 : "4,0|5,0|0,0|1,0|2,0|1,1|2,1|3,1|4,1|5,1|7,1|8,1|6,1|1,2|2,2|3,2|4,2|5,2|6,2|7,2|0,2|3,3|4,3|5,3|6,3|2,3|2,4|3,4"
ref_x_7 : 4
ref_y_7 : 1
width_7 : 9
height_7 : 5
pots_7 : "3,0|4,0|7,0|8,0|6,0|5,0|3,1|4,1|5,1|6,1|7,1|0,1|1,1|2,1|1,2|2,2|3,2|4,2|5,2|6,2|7,2|8,2|1,3|2,3|3,3|4,3|5,3|4,4|5,4"

[50053]
dir : ({ 1, 3, 5, 7 })
ref_x_1 : 5
ref_y_1 : 2
width_1 : 11
height_1 : 6
pots_1 : "4,0|5,0|3,0|6,0|2,0|2,1|3,1|4,1|5,1|6,1|7,1|1,1|8,1|0,1|0,2|1,2|2,2|3,2|4,2|5,2|6,2|7,2|8,2|9,2|10,2|0,3|1,3|2,3|3,3|4,3|5,3|6,3|7,3|8,3|9,3|10,3|2,4|3,4|4,4|5,4|6,4|7,4|8,4|4,5|5,5|6,5"
ref_x_3 : 5
ref_y_3 : 2
width_3 : 11
height_3 : 6
pots_3 : "5,0|6,0|4,0|7,0|3,1|4,1|5,1|6,1|7,1|8,1|2,1|9,1|1,2|2,2|3,2|4,2|5,2|6,2|7,2|8,2|9,2|10,2|0,2|0,3|1,3|2,3|3,3|4,3|5,3|6,3|7,3|8,3|9,3|1,4|2,4|3,4|4,4|5,4|6,4|7,4|3,5|4,5|5,5"
ref_x_5 : 5
ref_y_5 : 2
width_5 : 11
height_5 : 6
pots_5 : "4,0|5,0|3,0|6,0|2,0|2,1|3,1|4,1|5,1|6,1|7,1|1,1|8,1|0,1|0,2|1,2|2,2|3,2|4,2|5,2|6,2|7,2|8,2|9,2|10,2|0,3|1,3|2,3|3,3|4,3|5,3|6,3|7,3|8,3|9,3|10,3|2,4|3,4|4,4|5,4|6,4|7,4|8,4|4,5|5,5|6,5"
ref_x_7 : 5
ref_y_7 : 2
width_7 : 11
height_7 : 6
pots_7 : "5,0|6,0|4,0|7,0|3,0|8,0|3,1|4,1|5,1|6,1|7,1|8,1|2,1|9,1|1,1|1,2|2,2|3,2|4,2|5,2|6,2|7,2|8,2|9,2|10,2|0,2|0,3|1,3|2,3|3,3|4,3|5,3|6,3|7,3|8,3|9,3|1,4|2,4|3,4|4,4|5,4|6,4|7,4|3,5|4,5|5,5"

[50101]
dir : ({ 1, 3, 5, 7 })
ref_x_1 : 5
ref_y_1 : 2
width_1 : 11
height_1 : 6
pots_1 : "5,0|4,0|6,0|3,0|7,0|3,1|4,1|5,1|6,1|7,1|2,1|8,1|1,1|9,1|1,2|2,2|3,2|4,2|5,2|6,2|7,2|8,2|9,2|0,2|10,2|0,3|1,3|2,3|3,3|4,3|5,3|6,3|7,3|8,3|9,3|10,3|2,4|3,4|4,4|5,4|6,4|7,4|8,4|4,5|5,5|6,5"
ref_x_3 : 5
ref_y_3 : 2
width_3 : 11
height_3 : 6
pots_3 : "5,0|4,0|6,0|3,0|7,0|3,1|4,1|5,1|6,1|7,1|2,1|8,1|1,1|9,1|1,2|2,2|3,2|4,2|5,2|6,2|7,2|8,2|9,2|0,2|10,2|0,3|1,3|2,3|3,3|4,3|5,3|6,3|7,3|8,3|9,3|10,3|2,4|3,4|4,4|5,4|6,4|7,4|8,4|4,5|5,5|6,5"
ref_x_5 : 5
ref_y_5 : 2
width_5 : 11
height_5 : 6
pots_5 : "5,0|4,0|6,0|3,0|7,0|3,1|4,1|5,1|6,1|7,1|8,1|2,1|1,1|9,1|1,2|2,2|3,2|4,2|5,2|6,2|7,2|8,2|9,2|0,2|10,2|0,3|1,3|2,3|3,3|4,3|5,3|6,3|7,3|8,3|9,3|10,3|2,4|3,4|4,4|5,4|6,4|7,4|8,4|4,5|5,5|6,5"
ref_x_7 : 5
ref_y_7 : 2
width_7 : 11
height_7 : 6
pots_7 : "5,0|4,0|6,0|7,0|3,0|3,1|4,1|5,1|6,1|7,1|2,1|8,1|1,1|9,1|1,2|2,2|3,2|4,2|5,2|6,2|7,2|8,2|9,2|0,2|10,2|0,3|1,3|2,3|3,3|4,3|5,3|6,3|7,3|8,3|9,3|10,3|2,4|3,4|4,4|5,4|6,4|7,4|8,4|4,5|5,5|6,5"

[50102]
dir : ({ 1, 3, 5, 7 })
ref_x_1 : 1
ref_y_1 : 4
width_1 : 4
height_1 : 6
pots_1 : "2,0|3,0|1,0|0,1|1,1|2,1|3,1|0,2|1,2|2,2|0,3|1,3|2,3|3,3|0,4|1,4|2,4|3,4|0,5|1,5"
ref_x_3 : 1
ref_y_3 : 5
width_3 : 4
height_3 : 6
pots_3 : "0,0|1,0|2,0|0,1|1,1|2,1|3,1|0,2|1,2|2,2|3,2|0,3|1,3|2,3|0,4|1,4|2,4|1,5|2,5|3,5"
ref_x_5 : 1
ref_y_5 : 4
width_5 : 4
height_5 : 6
pots_5 : "2,0|3,0|1,0|0,1|1,1|2,1|3,1|0,2|1,2|2,2|0,3|1,3|2,3|3,3|0,4|1,4|2,4|3,4|0,5|1,5"
ref_x_7 : 1
ref_y_7 : 5
width_7 : 4
height_7 : 6
pots_7 : "0,0|1,0|2,0|0,1|1,1|2,1|3,1|0,2|1,2|2,2|3,2|0,3|1,3|2,3|0,4|1,4|2,4|1,5|2,5|3,5"

[50107]
dir : ({ 1, 3, 5, 7 })
ref_x_1 : 1
ref_y_1 : 4
width_1 : 4
height_1 : 6
pots_1 : "2,0|1,0|0,0|0,1|1,1|2,1|3,1|0,2|1,2|2,2|3,2|0,3|1,3|2,3|0,4|1,4|2,4|0,5"
ref_x_3 : 1
ref_y_3 : 4
width_3 : 3
height_3 : 6
pots_3 : "0,0|1,0|2,0|0,1|1,1|2,1|0,2|1,2|2,2|0,3|1,3|2,3|0,4|1,4|2,4|2,5"
ref_x_5 : 1
ref_y_5 : 4
width_5 : 4
height_5 : 6
pots_5 : "2,0|1,0|0,0|0,1|1,1|2,1|3,1|0,2|1,2|2,2|3,2|0,3|1,3|2,3|0,4|1,4|2,4|0,5"
ref_x_7 : 1
ref_y_7 : 4
width_7 : 3
height_7 : 6
pots_7 : "0,0|1,0|2,0|0,1|1,1|2,1|0,2|1,2|2,2|0,3|1,3|2,3|0,4|1,4|2,4|2,5"

[31040]
dir : ({ 1, 3, 5, 7 })
ref_x_1 : 1
ref_y_1 : 2
width_1 : 3
height_1 : 4
pots_1 : "2,0|1,0|0,0|0,1|1,1|0,2|1,2|2,2|0,3|1,3|2,3"
ref_x_3 : 1
ref_y_3 : 2
width_3 : 3
height_3 : 4
pots_3 : "0,0|1,0|0,1|1,1|2,1|0,2|1,2|2,2|0,3|1,3"
ref_x_5 : 1
ref_y_5 : 3
width_5 : 3
height_5 : 4
pots_5 : "1,0|0,0|0,1|1,1|2,1|0,2|1,2|2,2|0,3|1,3|2,3"
ref_x_7 : 1
ref_y_7 : 3
width_7 : 3
height_7 : 4
pots_7 : "1,0|0,0|2,0|0,1|1,1|2,1|0,2|1,2|2,2|0,3|1,3"
