#FORM2

[task_time]
start_time : "2012-08-06-00:00:00"
end_time   : "2012-08-19-23:59:59"

[broadcast_setting]
broadcast_list : ({ "start_task", "during_task" })

[start_task]
broadcast_start : "start_time(0)"
interval        : 0
broadcast_end   : "start_time(1)"
message         : "不好啦！#Z风月谷#Z突然燃起了大火，希望各位道友协助小宝拯救生灵们吧！"
channel         : "CHANNEL_SYSTEM | CHANNEL_NO_BROADCAST"

[during_task]
broadcast_start : "start_time(1800)"
interval        : 1800
broadcast_end   : "end_time(-1)"
message         : "不好啦！#Z风月谷#Z突然燃起了大火，希望各位道友协助小宝拯救生灵们吧！"
channel         : "CHANNEL_SYSTEM | CHANNEL_NO_BROADCAST"

[monsters]
1 : ({ "兔子", "狐狸", "野狗" })
2 : ({ "昙花", "茉莉", "月季", "玉兰", "君子幽兰", "桂花", "花玉簪", "莲花", "月见草", "牡丹花", "豆蔻", "禾雀" })
3 : ({ "百花羞", "牛魔王", "夜叉王", "罗刹王", "白骨精" })
4 : ({ "天阙阵主", "地烈阵主", "风吼阵主", "寒冰阵主", "金光阵主", "化血阵主", "烈焰阵主", "落魄阵主", "红水阵主", "红砂阵主" })

[all_monsters]
兔子 : ({ "兔子", 6165 })
野狗 : ({ "野狗", 6104 })
狐狸 : ({ "狐狸", 6168 })
昙花 : ({ "昙花", 31072 })
茉莉 : ({ "茉莉", 31073 })
月季 : ({ "月季", 31074 })
玉兰 : ({ "玉兰", 31075 })
君子幽兰 : ({ "君子幽兰", 31076 })
桂花 : ({ "桂花", 31077 })
花玉簪 : ({ "花玉簪", 31078 })
莲花 : ({ "莲花", 31079 })
月见草 : ({ "月见草", 31080 })
牡丹花 : ({ "牡丹花", 31081 })
豆蔻 : ({ "豆蔻", 31082 })
禾雀 : ({ "禾雀", 31083 })
百花羞 : ({ "百花羞", 6241 })
牛魔王 : ({ "牛魔王", 6259 })
夜叉王 : ({ "夜叉王", 6277 })
罗刹王 : ({ "罗刹王", 6278 })
白骨精 : ({ "白骨精", 6280 })
天阙阵主 : ({ "天阙阵主", 6243 })
地烈阵主 : ({ "地烈阵主", 6244 })
风吼阵主 : ({ "风吼阵主", 6245 })
寒冰阵主 : ({ "寒冰阵主", 6246 })
金光阵主 : ({ "金光阵主", 6247 })
化血阵主 : ({ "化血阵主", 6248 })
烈焰阵主 : ({ "烈焰阵主", 6249 })
落魄阵主 : ({ "落魄阵主", 6250 })
红水阵主 : ({ "红水阵主", 6251 })
红砂阵主 : ({ "红砂阵主", 6252 })

[all_track_info]
track1$ : ({ 146, 195, 145, 195, 144, 195, 143, 195, 142, 195, 141, 195, 140, 195, 139, 195, 138, 195, 137, 195, 136, 195, 135, 195, 134, 195, 133, 195, 132, 195, 131, 195, 130, 195, 129, 195, 128, 195, 127, 195, 126, 195, 125, 195, 124, 195, 123, 195, 122, 195, 122, 194, 122, 193, 123, 192, 123, 191, 123, 190, 124, 189, 124, 188 })
track1$ : ({ 124, 187, 125, 186, 125, 185, 125, 184, 126, 183, 126, 182, 126, 181, 127, 180, 127, 179, 128, 179, 129, 178, 130, 178, 130, 177, 131, 177, 132, 176, 133, 176, 133, 175, 134, 175, 135, 175, 135, 174, 136, 174, 136, 173, 137, 173, 138, 173, 139, 172, 140, 172, 141, 171, 142, 171, 142, 170, 143, 170, 144, 170, 145, 171 })
track1$ : ({ 146, 171, 147, 171, 148, 171, 148, 172, 149, 172, 150, 172, 151, 172, 152, 172, 151, 172, 150, 172, 149, 172, 148, 172, 148, 173, 147, 173, 146, 173, 145, 173, 145, 174, 144, 174, 144, 175, 144, 176, 144, 177, 144, 178, 144, 179, 144, 180, 144, 181, 144, 182, 144, 183, 145, 183, 145, 184, 145, 185, 146, 185, 146, 186 })
track1$ : ({ 147, 186, 148, 186, 148, 187, 149, 187, 150, 187, 150, 188, 151, 188, 151, 189, 152, 189, 153, 189, 154, 189, 155, 189, 156, 189, 157, 189, 158, 189, 159, 189, 160, 189, 161, 189, 162, 189, 163, 189, 164, 189, 165, 189, 165, 190, 166, 190, 166, 191, 167, 191, 168, 191, 168, 192, 169, 192, 169, 193, 170, 193, 171, 194 })
track2$ : ({ 172, 194, 172, 193, 173, 193, 173, 192, 174, 192, 175, 192, 175, 191, 176, 191, 176, 190, 177, 190, 177, 189, 177, 188, 178, 188, 178, 187, 178, 186, 178, 185, 179, 185, 179, 184, 179, 183, 179, 182, 180, 182, 180, 181, 180, 180, 180, 179, 181, 179 })
track2$ : ({ 182, 179, 182, 178, 183, 178, 184, 178, 184, 177, 185, 177, 186, 177, 186, 176, 187, 176, 188, 176, 189, 175, 190, 175, 191, 175, 192, 174, 193, 174, 194, 174, 195, 173, 196, 173, 197, 173, 198, 173, 198, 172, 199, 172, 200, 172, 201, 172 })
track2$ : ({ 201, 171, 202, 171, 203, 171, 204, 171, 205, 171, 206, 171, 207, 171, 207, 170, 208, 170, 209, 170, 210, 170, 210, 171, 210, 172, 211, 172, 211, 173, 212, 173, 212, 174, 212, 175, 213, 175, 213, 176, 214, 176, 214, 177, 214, 178, 215, 178 })
track2$ : ({ 215, 179, 216, 179, 216, 180, 216, 181, 217, 181, 217, 182, 216, 182, 216, 183, 216, 184, 215, 184, 215, 185, 215, 186, 214, 186, 214, 187, 214, 188, 213, 188, 213, 189, 213, 190, 212, 191, 212, 192, 211, 193, 211, 194, 210, 194, 210, 195, 210, 196 })
track3$ : ({ 232, 149, 232, 148, 231, 148, 231, 147, 231, 146, 231, 145, 231, 144, 231, 143, 231, 142, 231, 141, 231, 140, 231, 139, 231, 138, 231, 137, 232, 137, 232, 136, 232, 135, 233, 135, 233, 134, 233, 133 })
track3$ : ({ 233, 132, 234, 132, 234, 131, 234, 130, 234, 129, 234, 128, 234, 127, 235, 126, 235, 125, 235, 124, 236, 123, 236, 122, 236, 121, 237, 120, 237, 119, 237, 118, 237, 117, 237, 116, 237, 115, 238, 115 })
track3$ : ({ 238, 114, 238, 113, 239, 113, 239, 112, 239, 111, 240, 110, 240, 109, 240, 108, 241, 108, 241, 107, 241, 106, 241, 105, 242, 105, 242, 104, 242, 103, 243, 102, 243, 101, 244, 100, 244, 99, 245, 99, 245, 98 })
track3$ : ({ 245, 97, 245, 96, 246, 96, 246, 95, 246, 94, 246, 93, 245, 93, 245, 92, 245, 91, 245, 90, 245, 89, 244, 89, 244, 88, 244, 87, 244, 86, 243, 85, 243, 84, 243, 83, 243, 82, 243, 81, 243, 80, 242, 80, 242, 79 })
track3$ : ({ 242, 78, 242, 77, 243, 77, 243, 76, 244, 75, 244, 74, 245, 74, 245, 73, 245, 72, 245, 71, 245, 70, 245, 69, 244, 69, 244, 68, 244, 67, 243, 67, 243, 66, 242, 66, 242, 65, 241, 65, 241, 64, 240, 64, 240, 63 })
track3$ : ({ 239, 63, 238, 62, 237, 61, 237, 60, 236, 60, 236, 59, 235, 59, 234, 58, 234, 57, 233, 57, 233, 56, 232, 56, 232, 55, 231, 55, 231, 54, 230, 53, 229, 52, 228, 51, 227, 50, 226, 49, 225, 49, 225, 48, 224, 48 })
track3$ : ({ 223, 48, 223, 47, 222, 47, 221, 46, 220, 46, 220, 45, 219, 45, 218, 45, 217, 45, 217, 44, 216, 44, 215, 44, 214, 43, 213, 43, 212, 42, 211, 42, 211, 41, 210, 41, 209, 41, 208, 41, 208, 40, 207, 40, 206, 39 })
track3$ : ({ 205, 39, 205, 38, 204, 38, 203, 38, 202, 38, 202, 39, 201, 39, 200, 39, 199, 39, 198, 39, 198, 40, 197, 40, 196, 40, 195, 40, 195, 41, 194, 41, 193, 41, 192, 41, 191, 42, 190, 42, 189, 42, 188, 43, 187, 43, 186, 43, 185, 43 })
track4$ : ({ 200, 89, 200, 88, 200, 87, 199, 86, 199, 85, 199, 84, 199, 83, 200, 83, 201, 83, 202, 82, 203, 82, 204, 82, 205, 82, 205, 81, 206, 82, 206, 83, 207, 83, 207, 84, 208, 84, 208, 85, 208, 86, 209, 86, 209, 87 })
track4$ : ({ 209, 88, 210, 88, 210, 89, 210, 90, 210, 91, 211, 91, 211, 92, 212, 92, 212, 93, 213, 93, 213, 94, 214, 94, 214, 95, 215, 95, 215, 96, 216, 96, 217, 97, 218, 98, 219, 98, 219, 99, 220, 99, 220, 100, 221, 100 })
track4$ : ({ 222, 101, 222, 102, 223, 102, 224, 103, 225, 103, 225, 104, 226, 104, 227, 105, 228, 105, 228, 106, 229, 106, 230, 107, 231, 107, 231, 108, 232, 109, 232, 110, 232, 111, 232, 112, 232, 113, 232, 114, 232, 115 })
track4$ : ({ 232, 116, 232, 117, 231, 117, 231, 118, 231, 119, 231, 120, 231, 121, 231, 122, 231, 123, 230, 123, 230, 124, 230, 125, 230, 126, 229, 127, 229, 128, 229, 129, 228, 130, 228, 131, 228, 132, 227, 133, 227, 134 })
track4$ : ({ 227, 135, 227, 136, 227, 137, 227, 138, 226, 138, 226, 139, 226, 140, 226, 141, 225, 142, 225, 143, 225, 144, 224, 145, 224, 146, 224, 147, 224, 148, 224, 149, 224, 150, 223, 150, 224, 150, 224, 149, 224, 148 })
track4$ : ({ 224, 147, 225, 147, 225, 146, 225, 145, 226, 145, 226, 144, 226, 143, 227, 142, 227, 141, 227, 140, 228, 139, 228, 138, 228, 137, 228, 136, 228, 135, 228, 134, 229, 134, 229, 133, 229, 132, 229, 131, 230, 130 })
track4$ : ({ 230, 129, 230, 128, 231, 127, 231, 126, 231, 125, 232, 124, 232, 123, 232, 122, 233, 121, 233, 120, 233, 119, 234, 118, 234, 117, 234, 116, 235, 115, 235, 114, 235, 113, 236, 112, 236, 111, 236, 110, 236, 109 })
track4$ : ({ 236, 108, 236, 107, 237, 107, 237, 106, 237, 105, 237, 104, 238, 103, 238, 102, 238, 101, 239, 100, 239, 99, 239, 98, 240, 97, 240, 96, 240, 95, 241, 94, 241, 93, 241, 92, 242, 91, 242, 90, 242, 89, 242, 88 })
track4$ : ({ 242, 87, 242, 86, 241, 86, 241, 85, 241, 84, 241, 83, 241, 82, 241, 81, 241, 80, 241, 79, 241, 78, 241, 77 })
track5$ : ({ 227, 49, 226, 49, 225, 49, 224, 48, 223, 48, 222, 48, 221, 48, 220, 48, 220, 47, 219, 47, 218, 47, 217, 47, 216, 47, 215, 47, 214, 47, 213, 47, 212, 47, 211, 47, 210, 47, 209, 47, 208, 47, 207, 47, 206, 47 })
track5$ : ({ 205, 47, 205, 46, 204, 46, 203, 46, 202, 46, 201, 46, 200, 46, 199, 46, 198, 46, 197, 46, 196, 46, 196, 45, 197, 45, 197, 44, 198, 44, 198, 43, 199, 43, 200, 42, 201, 41, 202, 40, 203, 39, 204, 38, 205, 37 })
track5$ : ({ 206, 36, 205, 36, 204, 36, 203, 35, 202, 35, 201, 35, 200, 34, 199, 34, 198, 34, 197, 33, 196, 33, 195, 33, 194, 33, 193, 33, 192, 33, 192, 32, 191, 32, 190, 32, 189, 32, 188, 32, 187, 32, 186, 31, 185, 31 })
track5$ : ({ 184, 31, 183, 31, 183, 30, 182, 30, 181, 30, 180, 29, 179, 29, 178, 29, 178, 28, 177, 28, 176, 27, 175, 27, 175, 26, 174, 26, 173, 26, 173, 25, 172, 25, 171, 25, 171, 24, 170, 24, 170, 23, 169, 23, 169, 22 })
track5$ : ({ 168, 22, 167, 22, 166, 22, 165, 22, 164, 22, 163, 22, 162, 22, 161, 22, 160, 22, 159, 22, 158, 22, 157, 22, 156, 22, 155, 22, 156, 22, 156, 21, 157, 21, 158, 21, 158, 20, 159, 20, 160, 20, 160, 19, 161, 19 })
track5$ : ({ 162, 19, 163, 19, 164, 19, 165, 19, 166, 18, 167, 18, 168, 18, 169, 17, 170, 17, 170, 18, 170, 19, 170, 20, 170, 21, 171, 22, 171, 23, 171, 24, 172, 24, 173, 25, 174, 26, 175, 26, 175, 27, 176, 27, 177, 28 })
track5$ : ({ 178, 28, 179, 28, 179, 29, 180, 29, 181, 29, 181, 30, 182, 30, 182, 31, 183, 31, 183, 32, 184, 33, 184, 34, 185, 34, 185, 35, 186, 36, 186, 37, 187, 37, 187, 38, 188, 39 })
track6$ : ({ 185, 40, 184, 40, 184, 41, 183, 41, 183, 42, 182, 42, 182, 43, 181, 43, 180, 44, 179, 45, 178, 46, 177, 47, 177, 48, 176, 48, 175, 49, 174, 49, 174, 50, 173, 50, 172, 50, 172, 51, 171, 51, 171, 52, 170, 52 })
track6$ : ({ 169, 53, 168, 54, 167, 55, 166, 56, 165, 57, 164, 57, 164, 58, 163, 58, 162, 58, 161, 58, 160, 58, 159, 58, 158, 58, 157, 58, 156, 57, 155, 57, 154, 57, 154, 56, 153, 56, 152, 56, 151, 56, 151, 55, 150, 55 })
track6$ : ({ 149, 55, 148, 54, 147, 54, 146, 54, 145, 53, 144, 53, 143, 53, 143, 52, 142, 52, 141, 52, 140, 51, 139, 51, 138, 51, 138, 50, 137, 50, 136, 49, 136, 48, 135, 48, 135, 47, 134, 47, 134, 46, 133, 46, 133, 45 })
track6$ : ({ 132, 45, 132, 44, 131, 44, 131, 43, 130, 42, 130, 41, 129, 41, 129, 40, 128, 40, 128, 39, 127, 39, 127, 38, 126, 37, 125, 36, 125, 35, 124, 35, 124, 34, 123, 34, 123, 33, 122, 33, 122, 32, 122, 31, 121, 31 })
track6$ : ({ 121, 30, 120, 30, 120, 29, 119, 28, 119, 27, 118, 27, 118, 26, 117, 26, 117, 25, 117, 24, 116, 24, 116, 23, 115, 23, 115, 22, 115, 21, 114, 21, 114, 20, 113, 20, 113, 19, 113, 20, 114, 20, 114, 21, 115, 22 })
track6$ : ({ 115, 23, 116, 23, 116, 24, 117, 24, 117, 25, 117, 26, 118, 26, 118, 27, 119, 27, 119, 28, 119, 29, 120, 29, 120, 30, 121, 30, 121, 31, 121, 32, 122, 32, 122, 33, 123, 33, 123, 34, 124, 35, 124, 36, 125, 36 })
track6$ : ({ 125, 37, 125, 38, 126, 38, 126, 39, 127, 39, 127, 40, 127, 41, 128, 41, 128, 42, 129, 42, 129, 43, 129, 44, 130, 44, 130, 45, 131, 45, 131, 46, 131, 47, 132, 47, 132, 48, 133, 48, 133, 49, 133, 50, 134, 50 })
track6$ : ({ 134, 51, 135, 51, 135, 52, 135, 53, 136, 53, 136, 54, 137, 54, 137, 55, 137, 56, 138, 56, 138, 57, 138, 58, 139, 59, 139, 60, 139, 61, 140, 61, 140, 62, 140, 63, 141, 64, 141, 65, 142, 66, 142, 67, 143, 67, 143, 68, 143, 69 })
track7$ : ({ 142, 69, 141, 69, 140, 69, 139, 68, 138, 68, 137, 68, 136, 68, 135, 68, 134, 68, 133, 68, 132, 68, 131, 68, 130, 68, 129, 68, 128, 68, 127, 68, 126, 68, 125, 68, 124, 68, 123, 68, 122, 68, 121, 68, 120, 68 })
track7$ : ({ 119, 68, 118, 68, 117, 68, 116, 68, 116, 69, 115, 69, 114, 69, 114, 70, 113, 70, 113, 71, 112, 71, 111, 71, 111, 72, 110, 72, 110, 73, 109, 73, 108, 73, 108, 74, 107, 74, 107, 75, 106, 75, 105, 76, 104, 76 })
track7$ : ({ 104, 77, 103, 77, 102, 77, 102, 78, 101, 78, 100, 79, 99, 79, 99, 80, 98, 80, 97, 81, 96, 81, 96, 82, 95, 82, 95, 83, 94, 83, 93, 84, 92, 84, 92, 85, 91, 85, 90, 85, 90, 86, 89, 86 })
track7$ : ({ 89, 87, 88, 87, 87, 87, 87, 88, 86, 88, 86, 89, 85, 89, 84, 89, 84, 90, 83, 90, 83, 91, 82, 91, 82, 92, 82, 93, 81, 94, 81, 95, 81, 96, 80, 97, 80, 98, 80, 99, 79, 100, 79, 101, 79, 102 })
track7$ : ({ 78, 103, 78, 104, 78, 105, 78, 106, 78, 107, 78, 108, 77, 108, 77, 109, 77, 110, 77, 111, 77, 112, 77, 113, 77, 114, 76, 114, 76, 115, 76, 116, 77, 116, 78, 116, 79, 116, 79, 115, 80, 115 })
track7$ : ({ 81, 115, 82, 115, 83, 115, 84, 115, 84, 114, 85, 114, 86, 114, 87, 114, 88, 114, 89, 114, 90, 114, 91, 114, 92, 114, 93, 114, 94, 114, 95, 114, 96, 114, 97, 114, 98, 114, 99, 114, 99, 113 })
track7$ : ({ 100, 113, 101, 113, 102, 113, 103, 113, 104, 113, 105, 113, 106, 113, 107, 113, 108, 113, 109, 113, 109, 112, 110, 112, 111, 112, 112, 112, 113, 112, 114, 112, 115, 111, 116, 111, 117, 111 })
track7$ : ({ 118, 111, 119, 111, 120, 111, 121, 111, 122, 111, 123, 111, 124, 111, 125, 111, 126, 111, 126, 110, 127, 110, 128, 110, 129, 110, 130, 110, 131, 110, 132, 110, 133, 110, 133, 109, 134, 109, 135, 109 })
track7$ : ({ 135, 108, 136, 108, 137, 108, 138, 108, 138, 107, 139, 107, 140, 106, 141, 106, 141, 105, 142, 105, 143, 105, 144, 105, 144, 104, 145, 104, 146, 104, 147, 103, 148, 103, 149, 103, 150, 102, 151, 102 })
track7$ : ({ 151, 101, 150, 101, 150, 100, 150, 99, 150, 98, 150, 97, 149, 97, 149, 96, 149, 95, 149, 94, 149, 93, 149, 92, 149, 91, 149, 90, 149, 89, 149, 88, 148, 88, 148, 87, 148, 86, 148, 85, 148, 84, 148, 83 })
track7$ : ({ 148, 82, 148, 81, 148, 80, 147, 79, 147, 78, 147, 77, 147, 76, 147, 75, 147, 74, 147, 73, 147, 72, 147, 71, 147, 70, 147, 69, 147, 68, 147, 67, 147, 66 })
track8$ : ({ 79, 102, 78, 102, 78, 101, 77, 101, 77, 100, 76, 100, 76, 99, 75, 99, 75, 98, 74, 98, 73, 97, 72, 97, 72, 96, 71, 96, 71, 95, 70, 95, 70, 94, 69, 94, 69, 93, 68, 93, 68, 92, 68, 91, 67, 91, 67, 90, 66, 89 })
track8$ : ({ 66, 88, 65, 88, 65, 87, 65, 86, 64, 86, 64, 85, 63, 85, 63, 84, 63, 83, 62, 83, 62, 82, 61, 82, 61, 81, 60, 81, 60, 80, 59, 79, 58, 78, 57, 77, 56, 76, 55, 75, 54, 74, 53, 73, 53, 72, 53, 71, 53, 70, 53, 69 })
track8$ : ({ 52, 69, 52, 68, 51, 68, 51, 67, 50, 67, 49, 67, 48, 66, 47, 66, 46, 66, 45, 66, 45, 65, 44, 65, 43, 65, 43, 64, 42, 64, 42, 63, 41, 63, 41, 62, 40, 62, 40, 61, 39, 61, 38, 60, 37, 60, 37, 59, 36, 59, 36, 58 })
track8$ : ({ 35, 58, 34, 58, 33, 58, 32, 58, 31, 58, 31, 57, 30, 57, 29, 57, 28, 57, 27, 57, 26, 56, 25, 56, 24, 56, 23, 56, 22, 56, 21, 56, 20, 56, 19, 56, 18, 56, 17, 56, 16, 56, 17, 56, 18, 55, 19, 55, 20, 55, 20, 54 })
track8$ : ({ 21, 54, 22, 54, 22, 53, 23, 53, 24, 53, 25, 53, 25, 52, 26, 52, 27, 52, 28, 51, 29, 51, 30, 51, 31, 50, 32, 50, 33, 50, 34, 49, 35, 49, 36, 49, 37, 48, 38, 48, 39, 48, 40, 47, 41, 47, 41, 48, 41, 49, 41, 50 })
track8$ : ({ 41, 51, 41, 52, 41, 53, 41, 54, 41, 55, 41, 56, 41, 57, 41, 58, 40, 58, 40, 59, 40, 60, 40, 61, 40, 62, 40, 63, 41, 63, 41, 64, 42, 64, 43, 64, 43, 65, 44, 65, 45, 65, 46, 66, 47, 66, 48, 67, 49, 67, 49, 68 })
track8$ : ({ 50, 68, 51, 68, 52, 68, 52, 69, 53, 69, 53, 70, 54, 70, 54, 71, 55, 71, 56, 72, 56, 73, 56, 74, 57, 74, 57, 75, 58, 76, 58, 77, 59, 77, 59, 78, 59, 79, 59, 80, 60, 80, 60, 81, 60, 82, 61, 83, 61, 84, 62, 85 })
track8$ : ({ 62, 86, 63, 86, 63, 87, 63, 88, 64, 89, 64, 90, 64, 91, 65, 92, 65, 93, 66, 94, 66, 95, 67, 95, 67, 96, 67, 97, 67, 98, 68, 98, 68, 99, 69, 100, 69, 101, 70, 101, 70, 102, 70, 103, 70, 104, 71, 104, 71, 105 })
track8$ : ({ 72, 106, 72, 107, 73, 107, 73, 108, 73, 109, 74, 109, 74, 110, 74, 111, 75, 111, 75, 112 })
track9$ : ({ 75, 111, 75, 110, 76, 110, 76, 109, 76, 108, 76, 107, 77, 107, 77, 106, 77, 105, 77, 104, 77, 103, 77, 102, 77, 101, 78, 101, 78, 100, 78, 99, 78, 98, 78, 97, 78, 96, 79, 96, 80, 95, 81, 95, 82, 94, 83, 94 })
track9$ : ({ 84, 94, 84, 93, 85, 93, 86, 93, 87, 93, 87, 92, 88, 92, 89, 92, 90, 91, 91, 91, 92, 91, 93, 90, 94, 90, 95, 89, 96, 89, 96, 88, 97, 88, 98, 88, 99, 88, 99, 87, 100, 87, 101, 87, 101, 86, 101, 85, 102, 84, 102, 83 })
track9$ : ({ 103, 82, 104, 82, 104, 81, 105, 81, 106, 81, 107, 81, 107, 80, 108, 80, 109, 80, 109, 79, 110, 79, 111, 79, 111, 78, 112, 78, 113, 78, 113, 77, 114, 77, 115, 77, 116, 77, 117, 76, 118, 76, 119, 76, 120, 76, 120, 75 })
track9$ : ({ 121, 75, 122, 75, 123, 75, 124, 74, 125, 74, 126, 74, 127, 73, 128, 73, 129, 73, 130, 73, 131, 73, 132, 73, 133, 72, 134, 72, 134, 73, 134, 74, 135, 74, 135, 75, 135, 76, 136, 76, 136, 77, 136, 78, 137, 78, 137, 79 })
track9$ : ({ 137, 80, 137, 81, 138, 81, 138, 82, 138, 83, 139, 83, 140, 83, 140, 84, 141, 84, 142, 84, 142, 85, 143, 85, 144, 85, 144, 86, 145, 86, 146, 86, 147, 86, 148, 86, 149, 86, 150, 87, 151, 87, 152, 87, 153, 88, 154, 88 })
track9$ : ({ 153, 88, 153, 89, 152, 89, 152, 90, 151, 90, 151, 91, 150, 92, 149, 93, 148, 93, 148, 94, 147, 95, 146, 96, 145, 97, 144, 98, 143, 99, 142, 99, 142, 100, 141, 101, 140, 102, 139, 103, 138, 104, 137, 105, 136, 105, 135, 105 })
track9$ : ({ 134, 105, 133, 105, 133, 106, 132, 106, 131, 106, 130, 106, 129, 106, 128, 106, 127, 106, 126, 106, 126, 107, 125, 107, 124, 107, 123, 107, 122, 107, 121, 107, 120, 107, 119, 107, 118, 107, 117, 107, 116, 107, 115, 107, 114, 107 })
track9$ : ({ 113, 107, 112, 107, 111, 107, 110, 107, 109, 107, 108, 107, 107, 107, 106, 107, 105, 107, 104, 107, 103, 107, 102, 107, 101, 107, 100, 107, 99, 107, 98, 107, 97, 107, 96, 107, 95, 107, 94, 107, 93, 107, 92, 107, 91, 107, 90, 107 })
track9$ : ({ 89, 107, 88, 107, 89, 106, 90, 106, 90, 105, 91, 105, 92, 104, 93, 104, 93, 103, 94, 103, 95, 103, 95, 102, 96, 102, 96, 101, 97, 101, 98, 101, 99, 101, 99, 100, 100, 100, 101, 99, 102, 99, 102, 98, 103, 98 })
track10$ : ({ 81, 122, 82, 122, 82, 123, 83, 123, 83, 124, 84, 125, 84, 126, 85, 126, 85, 127, 86, 127, 86, 128, 87, 128, 87, 129, 88, 129, 89, 130, 90, 130, 91, 130, 91, 131, 92, 131, 92, 132, 93, 132, 93, 133, 94, 133 })
track10$ : ({ 94, 134, 95, 135, 96, 135, 96, 136, 97, 137, 98, 137, 98, 138, 99, 138, 99, 139, 100, 139, 100, 140, 101, 140, 101, 141, 102, 141, 102, 142, 103, 143, 103, 144, 103, 145, 103, 146, 102, 146, 102, 147, 101, 147 })
track10$ : ({ 101, 148, 100, 148, 100, 149, 99, 149, 99, 150, 98, 150, 98, 151, 97, 151, 96, 152, 95, 153, 94, 154, 93, 155, 92, 156, 91, 157, 90, 158, 89, 159, 88, 160, 87, 161, 86, 162, 85, 163, 84, 164, 84, 165, 84, 166, 84, 167 })
track10$ : ({ 84, 168, 83, 168, 83, 169, 83, 170, 83, 171, 83, 172, 83, 173, 83, 174, 83, 175, 83, 176, 83, 177, 82, 178, 82, 179, 82, 180, 82, 181, 82, 182, 82, 183, 82, 184, 83, 184, 83, 185, 84, 185, 85, 185, 86, 185, 87, 185, 87, 186 })
track10$ : ({ 88, 186, 89, 186, 90, 186, 91, 186, 92, 186, 93, 186, 94, 186, 95, 186, 96, 186, 97, 186, 98, 186, 99, 186, 100, 186, 101, 186, 102, 186, 103, 186, 104, 186, 105, 186, 106, 186, 107, 186, 108, 186, 109, 186, 109, 185, 110, 185 })
track10$ : ({ 111, 185, 111, 184, 112, 184, 113, 184, 114, 184, 114, 183, 115, 183, 116, 183, 117, 182, 118, 182, 119, 182, 120, 181, 121, 181, 122, 181, 123, 180, 124, 180, 125, 180, 125, 179, 126, 179, 126, 178, 127, 178, 128, 177, 129, 177 })
track10$ : ({ 129, 176, 130, 176, 130, 175, 131, 175, 131, 174, 132, 174, 132, 173, 133, 173, 134, 173, 134, 172, 135, 172, 135, 171, 136, 171, 136, 170, 137, 170, 138, 169, 139, 168, 140, 168, 140, 167, 141, 167, 141, 166, 142, 166, 143, 165 })
track10$ : ({ 144, 164, 145, 163, 146, 163, 146, 162, 147, 162, 147, 161, 148, 161, 147, 161, 146, 160, 145, 160, 144, 160, 144, 159, 143, 159, 142, 159, 142, 158, 141, 158, 140, 158, 139, 158, 139, 157, 138, 157, 137, 157, 137, 156, 136, 156 })
track10$ : ({ 135, 156, 135, 155, 134, 155, 133, 155, 132, 155, 131, 155, 130, 155, 129, 155, 128, 155, 127, 155, 126, 155, 125, 155, 124, 155, 123, 155, 122, 155, 121, 155, 120, 155, 119, 155, 118, 155, 117, 155, 116, 155, 115, 155, 114, 155 })
track10$ : ({ 115, 155, 115, 156, 115, 157, 116, 157, 116, 158, 117, 158, 117, 159, 117, 160, 118, 160, 118, 161, 119, 162, 119, 163, 120, 163, 120, 164, 121, 164, 121, 165, 121, 166, 122, 166, 122, 167, 123, 167, 123, 168, 123, 169, 124, 169 })
track10$ : ({ 124, 170, 125, 170, 125, 171, 125, 172, 126, 172, 126, 173, 127, 173, 127, 174, 127, 175, 127, 176, 128, 176, 128, 177, 129, 178, 129, 179, 130, 179, 130, 180, 131, 180, 131, 181 })
track11$ : ({ 26, 145, 26, 146, 25, 146, 25, 147, 25, 148, 25, 149, 25, 150, 25, 151, 25, 152, 25, 153, 25, 154, 25, 155, 24, 155, 24, 156, 24, 157, 24, 158, 24, 159, 24, 160, 24, 161, 24, 162, 24, 163, 24, 164, 25, 164 })
track11$ : ({ 25, 165, 25, 166, 26, 166, 26, 167, 27, 167, 27, 168, 27, 169, 28, 169, 28, 170, 29, 170, 29, 171, 29, 172, 30, 172, 30, 173, 31, 173, 31, 174, 31, 175, 32, 175, 32, 176, 33, 176, 33, 177, 33, 178, 34, 178 })
track11$ : ({ 34, 179, 34, 178, 34, 177, 35, 176, 35, 175, 35, 174, 36, 173, 36, 172, 36, 171, 37, 170, 37, 169, 37, 168, 38, 167, 38, 166, 38, 165, 38, 164, 38, 163, 38, 162, 39, 162, 39, 161, 39, 160, 39, 159, 40, 158 })
track11$ : ({ 40, 157, 40, 156, 40, 155, 40, 154, 40, 153, 41, 153, 41, 152, 41, 151, 41, 152, 42, 152, 42, 153, 42, 154, 42, 155, 43, 156, 43, 157, 43, 158, 44, 159, 44, 160, 44, 161, 45, 162, 45, 163, 45, 164, 46, 165 })
track11$ : ({ 46, 166, 46, 167, 46, 168, 46, 169, 46, 170, 47, 170, 47, 171, 47, 172, 47, 173, 48, 174, 48, 175, 49, 174, 49, 173, 50, 173, 50, 172, 51, 171, 51, 170, 52, 170, 52, 169, 52, 168, 52, 167, 53, 167, 53, 166 })
track11$ : ({ 53, 165, 53, 164, 54, 164, 54, 163, 55, 162, 55, 161, 56, 160, 56, 159, 56, 158, 57, 158, 57, 157, 57, 156, 58, 155, 58, 154, 58, 153, 59, 153, 59, 152, 59, 153, 58, 154, 58, 155, 58, 156, 58, 157, 57, 157 })
track11$ : ({ 57, 158, 57, 159, 57, 160, 57, 161, 57, 162, 57, 163, 56, 163, 56, 164, 56, 165, 56, 166, 56, 167, 56, 168, 56, 169, 55, 169, 55, 170, 55, 171, 55, 172, 55, 173, 55, 174, 55, 175, 55, 176, 55, 177, 55, 178 })
track11$ : ({ 54, 178, 54, 179, 54, 180, 54, 181, 54, 182, 54, 183, 54, 184, 53, 184, 53, 185, 53, 186, 53, 187, 53, 188, 53, 187, 54, 187, 55, 186, 56, 186, 56, 185, 57, 185, 57, 184, 58, 184, 58, 183, 59, 183, 59, 182 })
track11$ : ({ 60, 182, 61, 181, 61, 180, 62, 180, 62, 179, 63, 179, 64, 179, 64, 178, 65, 178, 65, 177, 66, 177, 66, 176, 67, 176, 67, 175, 68, 175, 68, 174, 69, 174, 70, 174, 70, 173, 71, 173, 71, 172, 72, 172, 72, 171 })
track11$ : ({ 73, 171, 74, 170, 74, 171, 73, 171, 73, 172, 73, 173, 73, 174, 73, 175, 73, 176, 73, 177, 73, 178, 72, 179, 72, 180, 72, 181, 72, 182, 72, 183, 72, 184, 72, 185, 72, 186, 73, 186, 73, 185, 74, 185, 75, 185 })
track11$ : ({ 76, 184, 77, 184, 78, 184, 78, 183, 79, 183, 80, 183, 81, 182, 82, 182, 83, 182, 84, 181, 85, 181, 86, 181, 87, 180, 88, 180, 89, 180, 90, 179, 91, 179, 92, 179, 93, 178, 94, 178, 95, 178, 96, 177, 97, 177, 98, 177, 98, 176, 99, 176 })
