#name,           limit_type_index,        stat_method, max_score,   score, show_time,   npc
仙人指路,     LIMIT_TYPE_TD_XIANRZL,       1,           50,         1,      0
修行,     LIMIT_TYPE_TD_XIANRZL,       1,           50,         2,      0
十绝阵,     LIMIT_TYPE_TD_XIANRZL,       1,           50,         2,      0
寻仙任务,     LIMIT_TYPE_TD_XIANRZL,       1,           50,         2,      0
除暴,     LIMIT_TYPE_TD_CHUB,          1,           50,         1,      0
降妖,     LIMIT_TYPE_TD_CHUB,          1,           50,         1,      0
伏魔,     LIMIT_TYPE_TD_CHUB,          1,           50,         1,      0
仙界通缉,     LIMIT_TYPE_TD_CHUB,          1,           50,         1,      0
飞仙渡邪,     LIMIT_TYPE_TD_CHUB,          1,           50,         1,      0
助人为乐,            0,                    1,           0,          6,      0
副本任务,            0,                    1,           0,         12,      0
昆仑神镜,            0,                    1,           0,         12,      0
通天塔,     LIMIT_TYPE_TD_TONGTT,        1,           20,        20,      0
帮派日常挑战,     LIMIT_TYPE_TD_BANGPRC,       1,           18,         6,      0
八仙梦境,            0,                    1,           0,         12,      0
师门任务,            0,                    1,           0,         2,       0,  "NPC"
探索世界,            0,                    1,           0,         5,       0
古城日常任务,            0,                    1,           0,         4,       0,  "NPC"
天降大任,            0,                    1,           0,         12,      0
团队副本,            0,                    1,           0,         25,      0
300连环,  LIMIT_TYPE_TD_300,           1,           12,        1,       0
中洲争霸战,            0,                    1,           0,         1,       0
日常活动,    LIMIT_TYPE_TD_RCRW,           1,           12,        1,       0
八阵图,            0,                    1,           0,         1,       0
相逢意气,            0,                    1,           0,         3,       0
驱除邪灵,            0,                    1,           0,         1,       0
居所任务,            0,                    1,           0,         12,      0
帮派任务,    LIMIT_TYPE_TD_BANGPRW,        1,          18,         6,       0
帮战奖励,            0,                    1,           0,         0,       0
引灵幡日常,            0,                    1,           0,         0,       0
绑定密保奖励,            0,                    1,           0,         0,       0
手机认证奖励,            0,                    1,           0,         0,       0
地图守护神,            0,                    1,           0,         6,       0,  "NPC"
英雄会,            0,                    1,           0,         6,       0,  "NPC"
证道殿,            0,                    1,           0,         6,       0,  "NPC"
挑战掌门,            0,                    1,           0,         6,       0,  "NPC"
龙宫献艺,            0,                    1,           0,         0,       0
斗宠大会,            0,                    1,           0,         0,       0
擂台小霸王,            0,                    1,           0,         5,       1
试道大会,            0,                    1,           0,         0,       1
门派比武大会,            0,                    1,           0,         0,       1
武状元争夺赛,     LIMIT_TYPE_TD_WUZY,          1,           6,         6,       1
阵营大战,     LIMIT_TYPE_TD_ZHENYDZ,       1,           6,         6,       1
悬赏BOSS, LIMIT_TYPE_TD_XSBS,          1,          20,         2,       0
工资系统,            0,                    1,           0,         0,       0
节日系统,            0,                    1,           0,         0,       0
答题系统,            0,                    1,           0,         0,       1
答题活动,            0,                    1,           0,         0,       0
地府总动员,            0,                    1,           0,         0,       1
问道捕鱼,            0,                    1,           0,         0,       1
群魔乱舞,            0,                    1,           0,         0,       1
生肖挑战,            0,                    1,           0,         0,       1
镖行万里,            0,                    1,           0,         0,       1,  "NPC"
黄金罗盘,            0,                    1,           0,         0,       1
夺宝奇兵,            0,                    1,           0,         0,       1
百兽盛宴,            0,                    1,           0,         0,       1
捉迷藏,            0,                    1,           0,         0,       1
蟠桃园争夺战,            0,                    1,           0,         0,       1
勇闯竞技场,            0,                    1,           0,         0,       1
门派历练,            0,                    1,           0,         0,       1,  "NPC"
盛妆舞会,            0,                    1,           0,         0,       1
得道九重天,            0,                    1,           0,         0,       1
为苍生灭魔,            0,                    1,           0,         0,       1
缤纷好礼大派送,            0,                    1,           0,         0,       1
全局双倍,            0,                    1,           0,         0,       1
全民升级,            0,                    1,           0,         0,       0,  "NPC"
全民刷道,            0,                    1,           0,         0,       0,  "NPC"
仙山许愿,            0,                    1,           0,         0,       1
老兵不死,            0,                    1,           0,         0,       1
自选礼包,            0,                    1,           0,         0,       1
充值大派送,            0,                    1,           0,         0,       1
探寻神石,            0,                    1,           0,         0,       1
【暑假】重建丝路,            0,                    1,           0,         0,       0
【暑假】筹备物资,    LIMIT_TYPE_TD_CBWZ,           1,           48,        4,       0
【暑假】扫匪除贼,    LIMIT_TYPE_TD_SFCZ,           1,           40,        2,       0
【暑假】通关文牒,            0,                    1,           0,         0,       0
【暑假】修复宝物,    LIMIT_TYPE_TD_XFBW,           1,           20,        2,       0
【暑假】斩妖护宝,    LIMIT_TYPE_TD_ZYHB,           1,           40,        2,       0
【暑假】镖行西域,    LIMIT_TYPE_TD_BXXY,           1,           20,        2,       0
【暑假】幕后黑手,    LIMIT_TYPE_TD_MHHS,           1,           25,        5,       0
【七夕】偷蛋妖魔,    LIMIT_TYPE_TD_TDYM,           1,           40,        2,       0
【七夕】孵化仙蛋,    LIMIT_TYPE_TD_FHXD,           1,           30,        5,       0
【中元节】除魔灭道,    LIMIT_TYPE_TD_CMMD,           1,           20,        20,      0
【抗战】抵御外敌,    LIMIT_TYPE_TD_DYWD,           1,           30,        2,       0
【教师节】献花谢师,    LIMIT_TYPE_TD_XHXS,           1,           50,        50,      0
【中秋】仙界月饼,    LIMIT_TYPE_TD_XJYB,           1,           25,        25,      0
【中秋】博饼盛典,    LIMIT_TYPE_TD_BBSY,           1,           40,        2,       0
【中秋】守护嫦娥,    LIMIT_TYPE_TD_SHCE,           1,           40,        2,       0
商城返利,            0,                    1,           0,         0,       0
仙界宠物大逃亡,            0,                    1,           0,         2,       0
夜游百鬼地,            0,                    1,           0,         1,       0
好运抽翻天,            0,                    1,           0,         0,       0
九黎降妖,    LIMIT_TYPE_TD_JLXY,           1,           36,        12,      0
会员许愿,            0,                    1,           0,         0,       0
【国庆节】降妖封神,    LIMIT_TYPE_TD_XYFS,           1,           20,        1,       0
【国庆节】鬼怪出没,    LIMIT_TYPE_TD_GGCM,           1,           30,        15,      0
【国庆节】摇摇乐,            0,                    1,           0,         0,       0
【国庆节】勇往直前,    LIMIT_TYPE_TD_YWZQ,           1,           20,        1,       0
【国庆节】中洲赐福,    LIMIT_TYPE_TD_ZZCF,           1,           30,        1,       0
【圣诞节】尽情狂欢,    LIMIT_TYPE_TD_JQKH,           1,           20,        1,       0
【感恩节】筹备大餐,    LIMIT_TYPE_TD_CHOUBDC,        1,           40,        2,       0
洞府挑战,            0,                    1,           0,         0,       1
【万圣节】变身大战,    LIMIT_TYPE_TD_WSJ2016,        1,           20,        1,       0
【重阳节】敬老祈福,    LIMIT_TYPE_TD_CYJ2016,        1,           20,        1,       0
问道藏宝阁,             0,                   1,           0,         0,       0
积分许愿,            0,                    1,           0,         0,       0
十元一抽,            0,                    1,           0,         0,       0
三十元一抽,            0,                    1,           0,         0,       0
聚灵宝箱,            0,                    1,           0,         0,       0
【光棍节】光棍福利,    LIMIT_TYPE_TD_GGJ2016,        1,           30,        1,       0