#家具材料名称,    icon,   量词,  level,  no_float, 是否可叠加, 价格,   声望价格,   是否任务物品,   家具类型,    是否废弃,   描述
key_name,             icon,  unit, level, no_float, combined, value, reputation, item_task, furniture_type, is_dirty, desc
鲁班密卷（床）,       1594,  个,   1,     1,        0,        500,   0,          0,         1,              1,        个传自鲁班的密卷
鲁班密卷（画）,       1594,  个,   1,     1,        0,        500,   0,          0,         2,              1,        个传自鲁班的密卷
鲁班密卷（桌）,       1594,  个,   1,     1,        0,        500,   0,          0,         3,              1,        个传自鲁班的密卷
鲁班密卷（椅）,       1594,  个,   1,     1,        0,        500,   0,          0,         4,              1,        个传自鲁班的密卷
鲁班密卷（帘）,       1594,  个,   1,     1,        0,        500,   0,          0,         5,              1,        个传自鲁班的密卷
鲁班密卷（毯）,       1594,  个,   1,     1,        0,        500,   0,          0,         6,              1,        个传自鲁班的密卷
鲁班密卷（柜）,       1594,  个,   1,     1,        0,        500,   0,          0,         7,              1,        个传自鲁班的密卷
鲁班密卷（屏风）,     1594,  个,   1,     1,        0,        500,   0,          0,         8,              1,        个传自鲁班的密卷
鲁班密卷（花）,       1594,  个,   1,     1,        0,        500,   0,          0,         9,              1,        个传自鲁班的密卷
鲁班密卷・木床,       1594,  个,   1,     1,        0,        500,   0,          0,         1,              0,        ""
鲁班密卷・香檀木床,   10010, 个,   2,     1,        0,        500,   0,          0,         1,              0,        ""
鲁班密卷・龙凤呈祥榻, 10011, 个,   3,     1,        0,        500,   0,          0,         1,              0,        ""
鲁班密卷・燕子春归图, 1594,  个,   1,     1,        0,        500,   0,          0,         2,              0,        ""
鲁班密卷・两仪太极图, 10010, 个,   2,     1,        0,        500,   0,          0,         2,              0,        ""
鲁班密卷・春树秋香图, 10011, 个,   3,     1,        0,        500,   0,          0,         2,              0,        ""
鲁班密卷・木桌,       1594,  个,   1,     1,        0,        500,   0,          0,         3,              0,        ""
鲁班密卷・香檀木桌,   10010, 个,   2,     1,        0,        500,   0,          0,         3,              0,        ""
鲁班密卷・八面威仪案, 10011, 个,   3,     1,        0,        500,   0,          0,         3,              0,        ""
鲁班密卷・木椅,       1594,  个,   1,     1,        0,        500,   0,          0,         4,              0,        ""
鲁班密卷・香檀木椅,   10010, 个,   2,     1,        0,        500,   0,          0,         4,              0,        ""
鲁班密卷・倚案听风椅, 10011, 个,   3,     1,        0,        500,   0,          0,         4,              0,        ""
鲁班密卷・薄纱帘,     1594,  个,   1,     1,        0,        500,   0,          0,         5,              0,        ""
鲁班密卷・阴阳和合帘, 10010, 个,   2,     1,        0,        500,   0,          0,         5,              0,        ""
鲁班密卷・旭日东升帘, 10011, 个,   3,     1,        0,        500,   0,          0,         5,              0,        ""
鲁班密卷・毛布毯,     1594,  个,   1,     1,        0,        500,   0,          0,         6,              0,        ""
鲁班密卷・虎皮毯,     10010, 个,   2,     1,        0,        500,   0,          0,         6,              0,        ""
鲁班密卷・七色云彩毯, 10011, 个,   3,     1,        0,        500,   0,          0,         6,              0,        ""
鲁班密卷・木柜,       1594,  个,   1,     1,        0,        500,   0,          0,         7,              0,        ""
鲁班密卷・香檀木柜,   10010, 个,   2,     1,        0,        500,   0,          0,         7,              0,        ""
鲁班密卷・招财纳福箱, 10011, 个,   3,     1,        0,        500,   0,          0,         7,              0,        ""
鲁班密卷・雕花屏风,   1594,  个,   1,     1,        0,        500,   0,          0,         8,              0,        ""
鲁班密卷・百鸟朝凤屏, 10010, 个,   2,     1,        0,        500,   0,          0,         8,              0,        ""
鲁班密卷・龙凤呈祥屏, 10011, 个,   3,     1,        0,        500,   0,          0,         8,              0,        ""
鲁班密卷・水仙,       1594,  个,   1,     1,        0,        500,   0,          0,         9,              0,        ""
鲁班密卷・君子兰,     10010, 个,   2,     1,        0,        500,   0,          0,         9,              0,        ""
鲁班密卷・牡丹,       10011, 个,   3,     1,        0,        500,   0,          0,         9,              0,        ""
鲁班密卷・镇宅兽,     10012, 个,   4,     1,        0,        500,   0,          0,         10,             0,        ""
鲁班密卷・黄粱梦,     10012, 个,   4,     1,        0,        500,   0,          0,         11,             0,        ""
鲁班密卷・八卦图,     10012, 个,   4,     1,        0,        500,   0,          0,         12,             0,        ""
鲁班密卷・仕女图,     10012, 个,   4,     1,        0,        500,   0,          0,         13,             0,        ""
鲁班密卷・幻仙像,     10012, 个,   4,     1,        0,        500,   0,          0,         14,             0,        ""
鲁班密卷・聚宝盆,     10012, 个,   4,     1,        0,        500,   0,          0,         15,             0,        ""
鲁班密卷・摇钱树,     10012, 个,   4,     1,        0,        500,   0,          0,         16,             0,        ""
鲁班密卷・蝶恋花,     10012, 个,   4,     1,        0,        500,   0,          0,         17,             0,        ""
鲁班密卷・食金草,     10012, 个,   4,     1,        0,        500,   0,          0,         18,             0,        ""
鲁班密卷・石凳,       10010, 个,   2,     1,        0,        500,   0,          0,         19,             0,        ""
鲁班密卷・佛手果,     10010, 个,   2,     1,        0,        500,   0,          0,         20,             0,        ""
鲁班密卷・拒马,       10011, 个,   3,     1,        0,        500,   0,          0,         21,             0,        ""
鲁班密卷・博弈台,     10011, 个,   3,     1,        0,        500,   0,          0,         22,             0,        ""
鲁班密卷・定海神针,   10012, 个,   4,     1,        0,        500,   0,          0,         23,             0,        ""
鲁班密卷・人参果树,   10012, 个,   4,     1,        0,        500,   0,          0,         24,             0,        ""
鲁班密卷・七彩玲珑塔, 10012, 个,   4,     1,        0,        500,   0,          0,         25,             0,        ""

