#药品名称,   class,    icon,   单位,     暴出机率,          限制满恢复最低等级,             增加法力,      增加生命,      增加法力率,            增加生命率,           限制时增加法力,           限制时增加生命,           限制时增加法力率,                 限制时增加生命率,                 no_float,   log_action,   组合物品,  价格,  卖出代金券,    描述
key_name,   class, icon, unit, bonus_award_rate, limit_recover_level, recover/mana, recover/life, recover_scale/mana, recover_scale/life, limit_recover/mana, limit_recover/life, limit_recover_scale/mana, limit_recover_scale/life, no_float, log_action, combined, value, voucher_sell, desc
止血草,     1,     1001, 棵,   14,               0,                   0,            100,          0,                  0,                  0,                  100,                0,                        0,                        1,        "yaop",     1,        10,    1,            最常见的草药，有四片嫩绿的叶子，外敷伤处，可恢复少量的气血
一叶草,     1,     1002, 棵,   14,               0,                   0,            200,          0,                  0,                  0,                  200,                0,                        0,                        1,        "yaop",     1,        25,    1,            只有一片叶子的绿色怪草，叶面上有经脉纹路，有助于气血的恢复
兰芝草,     1,     1003, 棵,   14,               0,                   0,            350,          0,                  0,                  0,                  350,                0,                        0,                        1,        "yaop",     1,        45,    1,            生长在阴暗潮湿的地方，形如兰花，花分三瓣，对疗伤有一定帮助
地云草,     2,     1004, 棵,   12,               0,                   0,            600,          0,                  0,                  0,                  600,                0,                        0,                        1,        "yaop",     1,        80,    1,            地衣类植物，绿色芽状，茎肥厚，叶细长，能够恢复一定的气血值
七叶莲,     2,     1005, 棵,   12,               0,                   0,            1000,         0,                  0,                  0,                  1000,               0,                        0,                        1,        "yaop",     1,        150,   1,            常见的水生草药，粉红色花骨朵状，味稍苦涩，可以补充一定的气血
七色花,     2,     1006, 棵,   12,               0,                   0,            1500,         0,                  0,                  0,                  1500,               0,                        0,                        1,        "yaop",     1,        220,   1,            花开七瓣，每片一色，共七种颜色，内有花蕊，可以恢复一定的气血
青花菇,     3,     1013, 朵,   10,               0,                   0,            2000,         0,                  0,                  0,                  2000,               0,                        0,                        1,        "yaop",     1,        320,   1,            在野外潮湿环境里生长的一种深绿色青菇，对疗伤有较大的帮助
六月雪,     3,     1014, 朵,   10,               0,                   0,            2500,         0,                  0,                  0,                  2500,               0,                        0,                        1,        "yaop",     1,        420,   1,            生于关外的荒原，六月多见，通体洁白如雪，对气血的恢复很有好处
金创药,     3,     1017, 瓶,   10,               0,                   0,            3000,         0,                  0,                  0,                  3000,               0,                        0,                        1,        "yaop",     1,        550,   1,            江湖郎中卖的黑色药丸，失传于江湖很久了，能够补充很多的气血
跌打酒,     4,     1018, 罐,   10,               0,                   0,            4000,         0,                  0,                  0,                  4000,               0,                        0,                        1,        "yaop",     1,        750,   1,            江湖郎中兜售的，用多种疗伤灵药泡制而成，能够恢复较多气血值
蟒灵丹,     4,     1019, 颗,   10,               0,                   0,            5000,         0,                  0,                  0,                  5000,               0,                        0,                        1,        "yaop",     1,        1000,  1,            取自原始丛林中巨蟒的内丹，晶莹剔透，尤其对恢复气血很有帮助
猴头丝,     4,     1020, 朵,   10,               0,                   0,            6000,         0,                  0,                  0,                  6000,               0,                        0,                        1,        "yaop",     1,        1200,  1,            一种海边生长的褐色蘑菇，状如猴子的脑袋，在气血恢复上很有效
蜂王蜜,     4,     1021, 瓶,   10,               0,                   0,            8000,         0,                  0,                  0,                  7000,               0,                        0,                        1,        "yaop",     1,        1800,  1,            源自天山五彩蜜蜂酿制，入口爽滑，清香甘美，恢复气血方面很有效
血浆果,     5,     1022, 个,   0,                0,                   0,            10000,        0,                  0,                  0,                  8500,               0,                        0,                        1,        "yaop",     1,        2300,  1,            生于雪峰，状若苹果，果实红嫩，汁如鲜血，特别适合气血亏损的人
人参,       5,     1023, 支,   0,                0,                   0,            15000,        0,                  0,                  0,                  10000,              0,                        0,                        1,        "yaop",     1,        3600,  1,            椭圆形的根茎，有很多细长的须，已似人形，补气生血的高效妙药
鹿茸,       5,     1024, 个,   0,                0,                   0,            20000,        0,                  0,                  0,                  12000,              0,                        0,                        1,        "yaop",     1,        5000,  1,            仙鹿之幼角，深褐色，外被绒毛，内充精血，在恢复气血方面有奇效
龙涎,       6,     1035, 瓶,   0,                0,                   0,            15000,        0,                  0,                  0,                  15000,              0,                        0,                        1,        "yaop",     1,        5000,  0,            传说中的龙的涎水，汲取天地日月精华而成，对伤势的恢复有特效
朱果,       6,     1037, 个,   0,                0,                   0,            20000,        0,                  0,                  0,                  20000,              0,                        0,                        1,        "yaop",     1,        7500,  0,            红色仙果，此物只应天上有，人间难得几回闻，对气血恢复非常有效
玉髓芝,     6,     1050, 棵,   0,                100,                 0,            25000,        0,                  0,                  0,                  20000,              0,                        0,                        1,        "yaop",     1,        6500,  0,            散遗于远古苍山的仙草，凝聚天地元气，很有助于气血的恢复
萦香丸,     6,     1051, 颗,   0,                100,                 0,            30000,        0,                  0,                  0,                  20000,              0,                        0,                        1,        "yaop",     1,        8100,  0,            集多种名贵药材炼制而成，环绕红褐色光环，相传乃气血恢复之奇品
天灵元阳丹, 6,     1054, 颗,   0,                130,                 0,            40000,        0,                  0,                  0,                  30000,              0,                        0,                        1,        "yaop",     1,        11200, 0,            得道仙人修炼时所用的仙丹，服用后令人神清气爽，可以恢复大量的气血
千年沉香,   6,     1055, 块,   0,                130,                 0,            50000,        0,                  0,                  0,                  30000,              0,                        0,                        1,        "yaop",     1,        14500, 0,            深埋于地下千年的沉香，散发着浓郁的香气，乃恢复气血之极品
百灵丹,     6,     1039, 颗,   0,                0,                   0,            30000,        0,                  0,                  0,                  30000,              0,                        0,                        1,        "yaop",     1,        11200, 0,            从炼丹炉中炼出，灰色光环环绕的青色药丸，此药是恢复气血的圣品
百花酿,     7,     1040, 罐,   0,                0,                   0,            0,            0,                  50,                 0,                  0,                  0,                        50,                       1,        "yaop",     1,        10000, 0,            采摘自广寒宫里的桂树，玉兔捣碎酿制而成，气血恢复上会产生奇迹
纯阳正气丹, 7,     1041, 颗,   0,                0,                   0,            0,            0,                  60,                 0,                  0,                  0,                        60,                       1,        "yaop",     1,        12000, 0,            当年太上老君的珍藏，金黄颗粒，散发仙气，是仙家恢复气血的极品
雪莲,       7,     1042, 朵,   0,                0,                   0,            0,            0,                  65,                 0,                  0,                  0,                        65,                       1,        "yaop",     1,        15000, 0,            天宫御园中，受尽诸神祝福的雪白莲花，为仙物，是疗伤补血的极品
千年蚌丹,   7,     1047, 颗,   0,                0,                   0,            0,            0,                  70,                 0,                  0,                  0,                        70,                       1,        "yaop",     1,        20000, 0,            巨蚌修炼成仙后留于凡间的内丹，有缘者得，是恢复气血的仙丹神药
灵芝仙草,   8,     1049, 棵,   0,                0,                   20000,        20000,        0,                  0,                  20000,              20000,              0,                        0,                        1,        "yaop",     1,        40000, 0,            盘古开天辟地时孕育的灵芝，只有上仙可得，恢复气血和法力的极品
白果,       1,     1008, 个,   8,                0,                   80,           0,            0,                  0,                  80,                 0,                  0,                        0,                        1,        "yaop",     1,        20,    1,            银杏的果实，绿色，无花果状，有硬壳，服食后可恢复少量法力
蛇胆,       1,     1009, 个,   8,                0,                   150,          0,            0,                  0,                  150,                0,                  0,                        0,                        1,        "yaop",     1,        40,    1,            取自五步蛇王的胆，紫红色，稍有腥味，服食后可恢复一定法力
灵芽草,     1,     1011, 棵,   8,                0,                   300,          0,            0,                  0,                  300,                0,                  0,                        0,                        1,        "yaop",     1,        80,    1,            长有细长的芽孢，外表白嫩，金针菇状，对法力的恢复有些帮助
紫椹,       2,     1012, 个,   10,               0,                   500,          0,            0,                  0,                  500,                0,                  0,                        0,                        1,        "yaop",     1,        150,   1,            棕黄色果实，如鸭梨状，入口甘甜，多汁，服食后有助于法力的恢复
葫芦枣,     2,     1015, 个,   10,               0,                   750,          0,            0,                  0,                  750,                0,                  0,                        0,                        1,        "yaop",     1,        240,   1,            貌似葫芦的一种枣类，色如水蜜桃，味美，对法力的恢复有一定帮助
拐儿枣,     2,     1016, 个,   10,               0,                   1000,         0,            0,                  0,                  1000,               0,                  0,                        0,                        1,        "yaop",     1,        350,   1,            扁平状，浅紫色果实，有异味，常为有钱人服用，有助于法力的恢复
补气丹,     3,     1025, 颗,   12,               0,                   1200,         0,            0,                  0,                  1200,               0,                  0,                        0,                        1,        "yaop",     1,        450,   1,            行血补气的丹药，绿色大颗粒药丸，味腥，对恢复法力有一定的好处
云香精,     3,     1026, 盒,   12,               0,                   1500,         0,            0,                  0,                  1500,               0,                  0,                        0,                        1,        "yaop",     1,        590,   1,            花仙子以晨露泡制的丹药，呈白色珍珠状，服食后可恢复一定法力
静心丹,     3,     1027, 瓶,   12,               0,                   1800,         0,            0,                  0,                  1800,               0,                  0,                        0,                        1,        "yaop",     1,        750,   1,            和气安神之灵药，原是江湖郎中无意中得，可以帮助法力的恢复
回神丹,     4,     1028, 颗,   12,               0,                   2500,         0,            0,                  0,                  2500,               0,                  0,                        0,                        1,        "yaop",     1,        1100,  1,            泛着浅紫色光的药丸，江湖郎中无意中得，服食后可恢复较多法力
舒心丸,     4,     1029, 颗,   12,               0,                   3000,         0,            0,                  0,                  3000,               0,                  0,                        0,                        1,        "yaop",     1,        1400,  1,            墨绿色的大颗粒药丸，有健脾理气之功效，对法力的恢复很有帮助
暗香丸,     4,     1030, 颗,   12,               0,                   4000,         0,            0,                  0,                  4000,               0,                  0,                        0,                        1,        "yaop",     1,        2000,  1,            传说中雪梨花泡酒制成的药丸，暗香扑鼻，对法力的恢复很有好处
八珍汤,     4,     1031, 碗,   12,               0,                   5000,         0,            0,                  0,                  5000,               0,                  0,                        0,                        1,        "yaop",     1,        2600,  1,            以八种珍贵补品精心酿制而成，晶莹剔透，特别有助于法力的恢复
紫茸膏,     5,     1032, 盒,   0,                0,                   6000,         0,            0,                  0,                  6000,               0,                  0,                        0,                        1,        "yaop",     1,        3200,  1,            用紫禁山巅之紫茸研磨，加以晨露熬制的药膏，对恢复法力有特效
陈桑酒,     5,     1033, 罐,   0,                0,                   8000,         0,            0,                  0,                  7000,               0,                  0,                        0,                        1,        "yaop",     1,        4500,  1,            以九九八十一种珍贵药材，用仙水泡制的陈酒，对恢复法力非常有效
天一丸,     5,     1034, 颗,   0,                0,                   10000,        0,            0,                  0,                  8500,               0,                  0,                        0,                        1,        "yaop",     1,        5800,  1,            相传凡人吃上一粒，就能达到天人合一的境界，对恢复法力效果不错
龙纹果,     6,     1052, 个,   0,                100,                 15000,        0,            0,                  0,                  10000,              0,                  0,                        0,                        1,        "yaop",     1,        9000,  0,            常年植于深山丛中，其色艳丽如血，其形似有龙鳞雕附，对法力恢复非常有效
聚灵丹,     6,     1053, 颗,   0,                100,                 20000,        0,            0,                  0,                  10000,              0,                  0,                        0,                        1,        "yaop",     1,        12500, 0,            得道圣贤潜心闭关修炼之仙丹，吸取天地之灵气，此药是恢复法力的奇品
虎骨酒,     6,     1056, 瓶,   0,                130,                 25000,        0,            0,                  0,                  20000,              0,                  0,                        0,                        1,        "yaop",     1,        16100, 0,            以珍贵的虎胫骨和糯米熬制而成，陈酿数十年，可以恢复大量的法力
天山玉露,   6,     1057, 滴,   0,                130,                 30000,        0,            0,                  0,                  20000,              0,                  0,                        0,                        1,        "yaop",     1,        20100, 0,            相传采集于千年雪山之中的甘露，对恢复法力有奇效
莲蓬子,     6,     1036, 个,   0,                0,                   10000,        0,            0,                  0,                  10000,              0,                  0,                        0,                        1,        "yaop",     1,        8600,  0,            上古时期遗留下来的莲子，仙山之颠埋藏多年，很有助于法力的恢复
碧桃,       6,     1038, 个,   0,                0,                   15000,        0,            0,                  0,                  15000,              0,                  0,                        0,                        1,        "yaop",     1,        14000, 0,            仙女从蟠桃园中带入凡间的仙桃，寻常人难得一见，对恢复法力有神奇的功效
九圣散,     6,     1043, 包,   0,                0,                   20000,        0,            0,                  0,                  20000,              0,                  0,                        0,                        1,        "yaop",     1,        16100, 0,            道家九位圣贤精心和制的灵药，原为仙人所用，是恢复法力的圣品
紫金丹,     7,     1044, 颗,   0,                0,                   0,            0,            50,                 0,                  0,                  0,                  50,                       0,                        1,        "yaop",     1,        16000, 0,            当年太上老君的珍藏品，散发仙气的紫色颗粒，常用于仙家恢复法力
道藏金丹,   7,     1045, 颗,   0,                0,                   0,            0,            60,                 0,                  0,                  0,                  60,                       0,                        1,        "yaop",     1,        18000, 0,            传说得道之人成仙后留在凡间的金丹，有缘者得，可迅速的恢复法力
固本培元丹, 7,     1046, 颗,   0,                0,                   0,            0,            65,                 0,                  0,                  0,                  65,                       0,                        1,        "yaop",     1,        20000, 0,            固本培元的良药，仙家用来练气的暗红色灵丹，恢复法力快速且高效
琼花玉露丸, 7,     1048, 颗,   0,                0,                   0,            0,            70,                 0,                  0,                  0,                  70,                       0,                        1,        "yaop",     1,        25000, 0,            女娲娘娘采集九重天外琼星之花、暗月之露炼制，恢复法力的极品

黄精,       8,     1007, 支,   0,                0,                   50,           0,            0,                  0,                  50,                 0,                  0,                        0,                        1,        "yaop",     1,        40,    0,            黄褐色地下茎，块状，貌似烛台，两侧有枝杈，可恢复一定气血
茯苓,       8,     1010, 个,   0,                0,                   100,          0,            0,                  0,                  100,                0,                  0,                        0,                        1,        "yaop",     1,        90,    0,            呈不规则的团块状，外表如花岗岩，表面呈棕褐色，有皱缩沟纹
上等黄精,   8,     1007, 支,   0,                0,                   0,            0,            0,                  0,                  0,                  0,                  0,                        0,                        1,        "yaop",     1,        1200,  0,            黄褐色地下茎，块状，貌似烛台，两侧有枝杈，可恢复一定气血
次等黄精,   8,     1007, 支,   0,                0,                   0,            3500,         0,                  0,                  0,                  3500,               0,                        0,                        1,        "yaop",     1,        1000,  0,            黄褐色地下茎，块状，貌似烛台，两侧有枝杈，可恢复一定气血
下等黄精,   8,     1007, 支,   0,                0,                   0,            3000,         0,                  0,                  0,                  3000,               0,                        0,                        1,        "yaop",     1,        900,   0,            黄褐色地下茎，块状，貌似烛台，两侧有枝杈，可恢复一定气血
劣等黄精,   8,     1007, 支,   0,                0,                   0,            2500,         0,                  0,                  0,                  2500,               0,                        0,                        1,        "yaop",     1,        750,   0,            黄褐色地下茎，块状，貌似烛台，两侧有枝杈，可恢复一定气血
上等茯苓,   8,     1010, 个,   0,                0,                   0,            0,            0,                  0,                  0,                  0,                  0,                        0,                        1,        "yaop",     1,        1500,  0,            呈不规则的团块状，外表如花岗岩，表面呈棕褐色，有皱缩沟纹
次等茯苓,   8,     1010, 个,   0,                0,                   2500,         0,            0,                  0,                  2500,               0,                  0,                        0,                        1,        "yaop",     1,        1200,  0,            呈不规则的团块状，外表如花岗岩，表面呈棕褐色，有皱缩沟纹
下等茯苓,   8,     1010, 个,   0,                0,                   2000,         0,            0,                  0,                  2000,               0,                  0,                        0,                        1,        "yaop",     1,        1000,  0,            呈不规则的团块状，外表如花岗岩，表面呈棕褐色，有皱缩沟纹
劣等茯苓,   8,     1010, 个,   0,                0,                   1500,         0,            0,                  0,                  1500,               0,                  0,                        0,                        1,        "yaop",     1,        750,   0,            呈不规则的团块状，外表如花岗岩，表面呈棕褐色，有皱缩沟纹

#炼化物品                                                         0,
混元露,     8,     7154, 瓶,   0,                0,                   7000,         15000,        0,                  0,                  7000,               15000,              0,                        0,                        1,        "yaop",     1,        4000,  0,            可大量提升人物气血的灵药
返元露,     8,     7001, 个,   0,                0,                   2500,         5000,         0,                  0,                  2500,               5000,               0,                        0,                        1,        "yaop",     1,        2000,  0,            使用后，可使血气、法力快速提升，是战斗中必不可少的药品
仙缘散,     8,     7152, 包,   0,                0,                   5000,         10000,        0,                  0,                  5000,               10000,              0,                        0,                        1,        "yaop",     1,        1500,  0,            使用后，可使法力快速提升，战斗中必不可少的药品
七宝回魂丹, 8,     7011, 颗,   0,                0,                   4000,         8000,         0,                  0,                  4000,               8000,               0,                        0,                        1,        "yaop",     1,        1000,  0,            晨露炼制的疗伤圣药

