#名称,  需求等级,   气血,   法力,   伤害,   基准价格
key_name, req_level, max_life, max_mana, phy_power, value
青珑挂珠, 20,        0,        216,      0,         2000
紫晶坠子, 35,        0,        460,      0,         3000
三才项圈, 50,        0,        701,      0,         4000
幻彩项链, 60,        0,        936,      0,         6000
雪魂丝链, 70,        0,        1178,     0,         8000
天机锁链, 80,        0,        1477,     0,         10000
秘魔灵珠, 90,        0,        1571,     0,         12000
金碧莲花, 100,       0,        2138,     0,         15000

纹龙佩,   20,        313,      0,        0,         2000
温玉i,   35,        672,      0,        0,         3000
血心石,   50,        1040,     0,        0,         4000
八角晶牌, 60,        1379,     0,        0,         6000
蟠螭结,   70,        1765,     0,        0,         8000
七龙珠,   80,        2166,     0,        0,         10000
金蝉宝囊, 90,        2642,     0,        0,         12000
通灵宝玉, 100,       3165,     0,        0,         15000

金刚手镯, 20,        0,        0,        39,        1500
七星手链, 35,        0,        0,        84,        2000
凤舞环,   50,        0,        0,        130,       3000
龙鳞手C, 60,        0,        0,        173,       4000
法文手轮, 70,        0,        0,        222,       6000
闭月双环, 80,        0,        0,        272,       8000
三清手C, 90,        0,        0,        332,       10000
天星奇光, 100,       0,        0,        398,       12000
