#特殊物品名称,     icon,  packed_type,   init_level,  no_float,   是否可叠加,  价格,  声望价格,  描述
key_name,           icon, packed_type, init_level, no_float, combined, value, reputation, desc
六道轮回至尊礼包,   8063, 16,          10,         0,        0,        500,   0
六道轮回超级礼包,   8063, 17,          10,         0,        0,        500,   0
骑战天下至尊礼包,   8063, 18,          10,         0,        0,        500,   0
骑战天下超级礼包,   8063, 19,          10,         0,        0,        500,   0
360特权礼包,        9105, 20,          10,         0,        0,        500,   0
360黄金特权礼包,    9103, 21,          10,         0,        0,        500,   0
问道新春特权礼包,   8067, 22,          10,         0,        0,        500,   0
问道新春飞龙礼包,   8067, 23,          10,         0,        0,        500,   0
问道新春贵宾礼包,   8067, 24,          10,         0,        0,        500,   0
问道新春超级礼包,   8067, 25,          10,         0,        0,        500,   0
问道新春尊享礼包,   8067, 26,          10,         0,        0,        500,   0
问道新春至尊礼包,   8067, 27,          10,         0,        0,        500,   0
六周年特权礼包,     8067, 29,          10,         0,        0,        500,   0
六周年飞龙礼包,     8067, 30,          10,         0,        0,        500,   0
六周年贵宾礼包,     8067, 31,          10,         0,        0,        500,   0
六周年超级礼包,     8067, 32,          10,         0,        0,        500,   0
六周年尊享礼包,     8067, 33,          10,         0,        0,        500,   0
六周年至尊礼包,     8067, 34,          10,         0,        0,        500,   0
三星Q470新手礼包,   8067, 35,          10,         0,        0,        500,   0
东成西就至尊礼包,   8067, 36,          10,         0,        0,        500,   0
东成西就尊享礼包,   8067, 37,          10,         0,        0,        500,   0
东成西就超级礼包,   8067, 38,          10,         0,        0,        500,   0
东成西就贵宾礼包,   8067, 39,          10,         0,        0,        500,   0
东成西就特权礼包,   8067, 40,          10,         0,        0,        500,   0
东成西就飞龙礼包,   8067, 41,          10,         0,        0,        500,   0
天外飞仙至尊礼包,   8067, 42,          10,         0,        0,        500,   0
天外飞仙尊享礼包,   8067, 43,          10,         0,        0,        500,   0
天外飞仙超级礼包,   8067, 44,          10,         0,        0,        500,   0
天外飞仙贵宾礼包,   8067, 45,          10,         0,        0,        500,   0
天外飞仙特权礼包,   8067, 46,          10,         0,        0,        500,   0
天外飞仙飞龙礼包,   8067, 47,          10,         0,        0,        500,   0
金蛇狂舞飞龙礼包,   8067, 49,          10,         0,        0,        500,   0
金蛇狂舞特权礼包,   8067, 50,          10,         0,        0,        500,   0
金蛇狂舞贵宾礼包,   8067, 51,          10,         0,        0,        500,   0
金蛇狂舞超级礼包,   8067, 52,          10,         0,        0,        500,   0
金蛇狂舞尊享礼包,   8067, 53,          10,         0,        0,        500,   0
金蛇狂舞至尊礼包,   8067, 54,          10,         0,        0,        500,   0
三界封神至尊礼包,   8067, 55,          10,         0,        0,        500,   0
三界封神尊享礼包,   8067, 56,          10,         0,        0,        500,   0
三界封神超级礼包,   8067, 57,          10,         0,        0,        500,   0
三界封神特权礼包,   8067, 58,          10,         0,        0,        500,   0
三界封神飞龙礼包,   8067, 59,          10,         0,        0,        500,   0
三界封神贵宾礼包,   8067, 60,          10,         0,        0,        500,   0
群雄逐鹿至尊礼包,   8067, 61,          10,         0,        0,        500,   0
群雄逐鹿尊享礼包,   8067, 62,          10,         0,        0,        500,   0
群雄逐鹿贵宾礼包,   8067, 63,          10,         0,        0,        500,   0
群雄逐鹿特权礼包,   8067, 64,          10,         0,        0,        500,   0
群雄逐鹿超级礼包,   8067, 65,          10,         0,        0,        500,   0
群雄逐鹿专属礼包,   8067, 66,          10,         0,        0,        500,   0
群雄逐鹿豪华礼包,   8067, 67,          10,         0,        0,        500,   0
群雄逐鹿YY8009礼包, 8067, 68,          10,         0,        0,        500,   0
更铸辉煌YY8009礼包, 8067, 69,          10,         0,        0,        500,   0
更铸辉煌豪华礼包,   8067, 70,          10,         0,        0,        500,   0
更铸辉煌飞龙礼包,   8067, 71,          10,         0,        0,        500,   0
更铸辉煌专属礼包,   8067, 72,          10,         0,        0,        500,   0
更铸辉煌超级礼包,   8067, 73,          10,         0,        0,        500,   0
更铸辉煌特权礼包,   8067, 74,          10,         0,        0,        500,   0
更铸辉煌贵宾礼包,   8067, 75,          10,         0,        0,        500,   0
更铸辉煌尊享礼包,   8067, 76,          10,         0,        0,        500,   0
更铸辉煌至尊礼包,   8067, 77,          10,         0,        0,        500,   0
YY新手礼包,         8067, 79,          10,         0,        0,        500,   0
八仙过海至尊礼包,   8067, 80,          10,         0,        0,        500,   0
八仙过海尊享礼包,   8067, 81,          10,         0,        0,        500,   0
八仙过海特权礼包,   8067, 82,          10,         0,        0,        500,   0
八仙过海贵宾礼包,   8067, 83,          10,         0,        0,        500,   0
八仙过海飞龙礼包,   8067, 84,          10,         0,        0,        500,   0
八仙过海专属礼包,   8067, 85,          10,         0,        0,        500,   0
八仙过海超级礼包,   8067, 86,          10,         0,        0,        500,   0
八仙过海豪华礼包,   8067, 87,          10,         0,        0,        500,   0
八仙过海YY8009礼包, 8067, 88,          10,         0,        0,        500,   0
乐豆豆成长礼包,     8067, 90,          10,         0,        0,        500,   0
棋战八方至尊礼包,   8067, 91,          10,         0,        0,        500,   0
棋战八方尊享礼包,   8067, 92,          10,         0,        0,        500,   0
棋战八方特权礼包,   8067, 93,          10,         0,        0,        500,   0
棋战八方贵宾礼包,   8067, 94,          10,         0,        0,        500,   0
棋战八方飞龙礼包,   8067, 95,          10,         0,        0,        500,   0
棋战八方专属礼包,   8067, 96,          10,         0,        0,        500,   0
棋战八方超级礼包,   8067, 97,          10,         0,        0,        500,   0
棋战八方豪华礼包,   8067, 98,          10,         0,        0,        500,   0
棋战八方YY8009礼包, 8067, 99,          10,         0,        0,        500,   0
鬼斧神工至尊礼包,   8067, 101,         10,         0,        0,        500,   0
鬼斧神工贵宾礼包,   8067, 102,         10,         0,        0,        500,   0
鬼斧神工飞龙礼包,   8067, 103,         10,         0,        0,        500,   0
鬼斧神工特权礼包,   8067, 104,         10,         0,        0,        500,   0
鬼斧神工专属礼包,   8067, 105,         10,         0,        0,        500,   0
鬼斧神工超级礼包,   8067, 106,         10,         0,        0,        500,   0
鬼斧神工豪华礼包,   8067, 107,         10,         0,        0,        500,   0
鬼斧神工YY8009礼包, 8067, 108,         10,         0,        0,        500,   0
鬼斧神工尊享礼包,   8067, 109,         10,         0,        0,        500,   0
鬼斧神工锐金礼包,   8067, 110,         10,         0,        0,        500,   0
鬼斧神工青木礼包,   8067, 111,         10,         0,        0,        500,   0
鬼斧神工离火礼包,   8067, 112,         10,         0,        0,        500,   0
鬼斧神工洪水礼包,   8067, 113,         10,         0,        0,        500,   0
鬼斧神工后土礼包,   8067, 114,         10,         0,        0,        500,   0
鬼斧神工聚风礼包,   8067, 115,         10,         0,        0,        500,   0
雪战到底至尊礼包,   8067, 116,         10,         0,        0,        500,   0
雪战到底贵宾礼包,   8067, 117,         10,         0,        0,        500,   0
雪战到底飞龙礼包,   8067, 118,         10,         0,        0,        500,   0
雪战到底特权礼包,   8067, 119,         10,         0,        0,        500,   0
雪战到底专属礼包,   8067, 120,         10,         0,        0,        500,   0
雪战到底超级礼包,   8067, 121,         10,         0,        0,        500,   0
雪战到底豪华礼包,   8067, 122,         10,         0,        0,        500,   0
雪战到底YY8009礼包, 8067, 123,         10,         0,        0,        500,   0
雪战到底微信礼包,   8067, 124,         10,         0,        0,        500,   0
雪战到底尊享礼包,   8067, 125,         10,         0,        0,        500,   0
九周年微信礼包,     8067, 127,         10,         0,        0,        500,   0
九周年豪华礼包,     8067, 128,         10,         0,        0,        500,   0
九周年超级礼包,     8067, 129,         10,         0,        0,        500,   0
九周年专属礼包,     8067, 130,         10,         0,        0,        500,   0
九周年特权礼包,     8067, 131,         10,         0,        0,        500,   0
九周年飞龙礼包,     8067, 132,         10,         0,        0,        500,   0
九周年贵宾礼包,     8067, 133,         10,         0,        0,        500,   0
九周年尊享礼包,     8067, 134,         10,         0,        0,        500,   0
九周年至尊礼包,     8067, 135,         10,         0,        0,        500,   0
决战昆仑飞天礼包,   8067, 136,         10,         0,        0,        500,   0
决战昆仑专享礼包,   8067, 137,         10,         0,        0,        500,   0
决战昆仑特供礼包,   8067, 138,         10,         0,        0,        500,   0
决战昆仑微信礼包,   8067, 139,         10,         0,        0,        500,   0
决战昆仑豪华礼包,   8067, 140,         10,         0,        0,        500,   0
决战昆仑超级礼包,   8067, 141,         10,         0,        0,        500,   0
决战昆仑专属礼包,   8067, 142,         10,         0,        0,        500,   0
决战昆仑特权礼包,   8067, 143,         10,         0,        0,        500,   0
决战昆仑飞龙礼包,   8067, 144,         10,         0,        0,        500,   0
决战昆仑贵宾礼包,   8067, 145,         10,         0,        0,        500,   0
决战昆仑尊享礼包,   8067, 146,         10,         0,        0,        500,   0
决战昆仑至尊礼包,   8067, 147,         10,         0,        0,        500,   0
天书奇谭专供礼包,   8067, 149,         10,         0,        0,        500,   0
天书奇谭飞天礼包,   8067, 150,         10,         0,        0,        500,   0
天书奇谭专享礼包,   8067, 151,         10,         0,        0,        500,   0
天书奇谭特供礼包,   8067, 152,         10,         0,        0,        500,   0
天书奇谭微信礼包,   8067, 153,         10,         0,        0,        500,   0
天书奇谭豪华礼包,   8067, 154,         10,         0,        0,        500,   0
天书奇谭超级礼包,   8067, 155,         10,         0,        0,        500,   0
天书奇谭专属礼包,   8067, 156,         10,         0,        0,        500,   0
天书奇谭特权礼包,   8067, 157,         10,         0,        0,        500,   0
天书奇谭飞龙礼包,   8067, 158,         10,         0,        0,        500,   0
天书奇谭贵宾礼包,   8067, 159,         10,         0,        0,        500,   0
天书奇谭尊享礼包,   8067, 160,         10,         0,        0,        500,   0
天书奇谭至尊礼包,   8067, 161,         10,         0,        0,        500,   0
奇经八脉至圣礼包,   8067, 163,         10,         0,        0,        500,   0
奇经八脉YY礼包,     8067, 164,         10,         0,        0,        500,   0
奇经八脉专供礼包,   8067, 165,         10,         0,        0,        500,   0
奇经八脉飞天礼包,   8067, 166,         10,         0,        0,        500,   0
奇经八脉专享礼包,   8067, 167,         10,         0,        0,        500,   0
奇经八脉特供礼包,   8067, 168,         10,         0,        0,        500,   0
奇经八脉微信礼包,   8067, 169,         10,         0,        0,        500,   0
奇经八脉豪华礼包,   8067, 170,         10,         0,        0,        500,   0
奇经八脉超级礼包,   8067, 171,         10,         0,        0,        500,   0
奇经八脉专属礼包,   8067, 172,         10,         0,        0,        500,   0
奇经八脉特权礼包,   8067, 173,         10,         0,        0,        500,   0
奇经八脉飞龙礼包,   8067, 174,         10,         0,        0,        500,   0
奇经八脉贵宾礼包,   8067, 175,         10,         0,        0,        500,   0
奇经八脉尊享礼包,   8067, 176,         10,         0,        0,        500,   0
奇经八脉至尊礼包,   8067, 177,         10,         0,        0,        500,   0
2016浴火重生礼包,   8067, 178,         60,         0,        0,        500,   0
经典十年至尊礼包,   8067, 180,         10,         0,        0,        500,   0
经典十年尊享礼包,   8067, 181,         10,         0,        0,        500,   0
经典十年贵宾礼包,   8067, 182,         10,         0,        0,        500,   0
经典十年飞龙礼包,   8067, 183,         10,         0,        0,        500,   0
经典十年特权礼包,   8067, 184,         10,         0,        0,        500,   0
经典十年专属礼包,   8067, 185,         10,         0,        0,        500,   0
经典十年超级礼包,   8067, 186,         10,         0,        0,        500,   0
经典十年豪华礼包,   8067, 187,         10,         0,        0,        500,   0
经典十年微信礼包,   8067, 188,         10,         0,        0,        500,   0
经典十年特供礼包,   8067, 189,         10,         0,        0,        500,   0
经典十年专享礼包,   8067, 190,         10,         0,        0,        500,   0
经典十年飞天礼包,   8067, 191,         10,         0,        0,        500,   0
经典十年专供礼包,   8067, 192,         10,         0,        0,        500,   0
经典十年玄黄礼包,   8067, 193,         10,         0,        0,        500,   0
经典十年至圣礼包,   8067, 194,         10,         0,        0,        500,   0
经典十年荣耀礼包,   8067, 195,         10,         0,        0,        500,   0
王者归来礼包,       8067, 196,         60,         0,        0,        500,   0
二一六荣耀礼包,   8067, 198,         10,         0,        0,        500,   0
二一六至圣礼包,   8067, 199,         10,         0,        0,        500,   0
二一六玄黄礼包,   8067, 200,         10,         0,        0,        500,   0
二一六专供礼包,   8067, 201,         10,         0,        0,        500,   0
二一六飞天礼包,   8067, 202,         10,         0,        0,        500,   0
二一六专享礼包,   8067, 203,         10,         0,        0,        500,   0
二一六特供礼包,   8067, 204,         10,         0,        0,        500,   0
二一六微信礼包,   8067, 205,         10,         0,        0,        500,   0
二一六豪华礼包,   8067, 206,         10,         0,        0,        500,   0
二一六超级礼包,   8067, 207,         10,         0,        0,        500,   0
二一六专属礼包,   8067, 208,         10,         0,        0,        500,   0
二一六特权礼包,   8067, 209,         10,         0,        0,        500,   0
二一六飞龙礼包,   8067, 210,         10,         0,        0,        500,   0
二一六贵宾礼包,   8067, 211,         10,         0,        0,        500,   0
二一六尊享礼包,   8067, 212,         10,         0,        0,        500,   0
二一六至尊礼包,   8067, 213,         10,         0,        0,        500,   0
呼风唤雨专供礼包,   8067, 214,         10,         0,        0,        500,   0
呼风唤雨专属礼包,   8067, 215,         10,         0,        0,        500,   0
呼风唤雨尊享礼包,   8067, 216,         10,         0,        0,        500,   0
呼风唤雨微信礼包,   8067, 217,         10,         0,        0,        500,   0
呼风唤雨特供礼包,   8067, 218,         10,         0,        0,        500,   0
呼风唤雨特权礼包,   8067, 219,         10,         0,        0,        500,   0
呼风唤雨专享礼包,   8067, 220,         10,         0,        0,        500,   0
呼风唤雨玄黄礼包,   8067, 221,         10,         0,        0,        500,   0
呼风唤雨至圣礼包,   8067, 222,         10,         0,        0,        500,   0
呼风唤雨至尊礼包,   8067, 223,         10,         0,        0,        500,   0
呼风唤雨荣耀礼包,   8067, 224,         10,         0,        0,        500,   0
呼风唤雨豪华礼包,   8067, 225,         10,         0,        0,        500,   0
呼风唤雨贵宾礼包,   8067, 226,         10,         0,        0,        500,   0
呼风唤雨超级礼包,   8067, 227,         10,         0,        0,        500,   0
呼风唤雨飞天礼包,   8067, 228,         10,         0,        0,        500,   0
呼风唤雨飞龙礼包,   8067, 229,         10,         0,        0,        500,   0

