#FORM2

#字段说明
#party_number：参加帮派攻城战的帮派个数
#start_time：帮派攻城战开始的时间
#interval：帮派攻城战持续的时间
#scan_map: 回收特殊帮派地图时，扫描时间
#limit_login_time: 限制上线人数的时间
#max_login_user: 攻城战中最大上线人数
#broadcast_after_party_war: 帮战结束后的广播时间
#time_open_to_start: 攻城战开启到开始的时间间隔
#attack_interval: 两次攻击的时间间隔
#max_combat_number: 每个NPC可以同时开展的战斗
#max_np_life：NPC的最大血量
#bonus_construct: 奖励胜利方帮派建设度的点数

[city_war_config]
join_number:               3
start_time:                "周6-19:00:00"
interval:                  10800
scan_map:                  120
limit_login_time:          3600
max_login_user:            500
broadcast_after_party_war: 60
time_open_to_start:        160200
attack_interval:           30
max_combat_number:         20
bonus_attacker_construct:  50000
bonus_defenser_construct:  100000
ack_enter_waitan : ({ 17, 238, 3 })
ack_enter_zongtan : ({ 18, 238, 3 })
def_enter_zongtan : ({ 121, 67, 7 })
coordinate_tuteng : ({ 93, 89, 7 })
tax_dealer : ({ "杂货店老板@杂货店", "药店老板@药店", "无名武器店老板@无名武器店", "无名药铺老板@无名药铺", "无名杂货店老板@无名杂货店", "无名布庄老板@无名布庄", "通灵药王@云霄宫", "百宝仙@云霄宫", "灵巧仙@云霄宫", "武器神匠@云霄宫", "小伶俐@西域古城" })

[npc_life]
帮派守护图腾: 2000
帮派守护石像: 500
城门: 1000

[all_tracks]
1$ : ({ 11, 242, 11, 241, 12, 241, 13, 241, 13, 240, 14, 240, 15, 240, 16, 239, 17, 239, 18, 239, 19, 238, 20, 238, 21, 237, 22, 237, 22, 236, 23, 236, 24, 236, 25, 236, 25, 235, 26, 235, 27, 235, 28, 235, 28, 234, 29, 234, 30, 234, 31, 233, 32, 233, 33, 233, 33, 232, 34, 232, 35, 232, 36, 232, 36, 231, 37, 231, 38, 231, 39, 231, 40, 230, 41, 230, 42, 230, 43, 230, 44, 230, 45, 230, 46, 230, 47, 230, 48, 230, 49, 230, 50, 230, 51, 230, 52, 230, 53, 230 })
1$ : ({ 54, 230, 55, 230, 56, 230, 57, 230, 58, 230, 59, 230, 59, 229, 60, 229, 61, 229, 62, 229, 63, 229, 64, 229, 65, 229, 66, 229, 67, 229, 68, 229, 69, 229, 70, 229, 71, 229, 72, 229, 72, 228, 73, 228, 74, 228, 75, 228, 76, 228, 77, 228, 78, 228, 79, 228, 80, 228, 81, 228, 82, 228, 83, 228, 84, 228, 85, 228, 86, 228, 87, 228, 88, 228, 89, 228, 90, 228, 91, 228, 92, 228, 93, 228, 94, 228, 95, 228, 96, 228, 96, 227, 97, 227, 98, 227, 99, 227, 100, 227 })
1$ : ({ 101, 227, 102, 227, 103, 227, 104, 227, 105, 227, 106, 227, 107, 227, 108, 227, 109, 227, 110, 227, 111, 227, 112, 227, 113, 227, 114, 227, 115, 227, 116, 227, 117, 227, 118, 227, 119, 227, 120, 227, 120, 226, 121, 226, 122, 226, 123, 226, 124, 226, 125, 226, 126, 226, 127, 226, 128, 226, 129, 226, 130, 226, 131, 226, 132, 226, 132, 225, 133, 225, 134, 225, 135, 225, 135, 224, 136, 224, 137, 224, 138, 224, 139, 223, 140, 223, 141, 222, 142, 222, 142, 221, 143, 221, 144, 221, 145, 221, 145, 220 })
1$ : ({ 146, 220, 147, 219, 148, 219, 148, 218, 149, 218, 150, 218, 151, 218, 151, 217, 152, 217, 153, 216, 154, 216, 154, 215, 155, 215, 156, 215, 157, 214, 158, 214, 159, 214, 160, 214, 160, 213, 161, 213, 162, 212, 163, 212, 163, 211, 164, 211, 164, 210, 165, 210, 166, 210, 166, 209, 167, 209, 167, 208, 167, 207, 168, 207, 168, 206, 168, 205, 168, 204, 168, 203, 168, 202, 168, 201, 168, 200, 167, 200, 167, 199, 167, 198, 166, 198, 166, 197, 165, 197, 165, 196, 164, 196, 164, 195, 163, 195, 163, 194 })
1$ : ({ 162, 194, 161, 193, 160, 193, 159, 193, 158, 193, 157, 193, 156, 193, 155, 193, 154, 193, 153, 193, 152, 193, 152, 194, 151, 194, 150, 194, 149, 194, 148, 194, 147, 194, 146, 194, 145, 194, 144, 194, 143, 194, 142, 194, 141, 194, 140, 194, 140, 195, 139, 195, 138, 195, 137, 195, 136, 195, 135, 195, 134, 195, 133, 195, 132, 195, 131, 195, 130, 195, 129, 195, 128, 195, 128, 196, 127, 196, 126, 196, 125, 196, 124, 196, 123, 196, 122, 196, 121, 196, 120, 196, 119, 196, 118, 196, 117, 196, 116, 196 })
1$ : ({ 115, 196, 114, 196, 114, 197, 113, 197, 112, 197, 111, 197, 110, 197, 109, 197, 108, 197, 107, 197, 106, 197, 105, 197, 104, 197, 103, 197, 102, 197, 101, 197, 101, 198, 100, 198, 99, 198, 98, 198, 97, 198, 96, 198, 95, 198, 94, 198, 93, 198, 92, 198, 91, 198, 90, 198, 89, 198, 88, 198, 87, 198, 86, 198, 86, 199, 85, 199, 84, 199, 83, 199, 82, 199, 81, 199, 80, 199, 79, 199, 78, 199, 77, 199, 76, 199, 75, 199, 74, 199, 74, 200, 73, 200, 72, 200, 71, 200, 70, 200 })
1$ : ({ 69, 200, 68, 200, 67, 200, 66, 200, 65, 200, 64, 200, 63, 200, 62, 200, 61, 200, 60, 200, 59, 200, 58, 200, 57, 200, 56, 200, 56, 201, 55, 201, 54, 201, 53, 201, 52, 201, 51, 201, 50, 201, 49, 201, 48, 201, 47, 201, 46, 201, 45, 201, 44, 201, 43, 201, 42, 201, 41, 201, 40, 201, 39, 201, 38, 201, 38, 202, 37, 202, 36, 202, 35, 202, 34, 202, 33, 202, 32, 202, 31, 202, 30, 202, 29, 202, 29, 201, 28, 201, 27, 201, 26, 201, 25, 201, 24, 201, 23, 201 })
1$ : ({ 22, 201, 21, 201, 20, 201, 19, 201, 18, 201, 17, 201, 16, 201, 15, 200, 14, 199, 13, 198, 12, 197, 11, 196, 11, 195, 11, 194, 11, 193, 11, 192, 11, 191, 11, 190, 11, 189, 11, 188, 12, 187, 12, 186, 13, 186, 13, 185, 13, 184, 14, 184, 14, 183, 15, 183, 15, 182, 16, 182, 17, 182, 17, 181, 18, 181, 19, 181, 20, 181, 20, 180, 21, 180, 22, 180, 23, 180, 24, 180, 25, 180, 25, 179, 26, 179, 27, 179, 28, 179, 29, 178, 30, 178, 31, 178, 32, 177, 33, 177 })
1$ : ({ 34, 177, 35, 176, 36, 176, 37, 176, 38, 176, 39, 176, 39, 175, 40, 175, 41, 175, 42, 175, 43, 175, 43, 174, 44, 174, 45, 174, 46, 174, 47, 174, 48, 174, 49, 174, 50, 174, 51, 174, 52, 174, 53, 174, 54, 174, 55, 174, 56, 174, 57, 174, 58, 174, 59, 174, 60, 174, 61, 174, 62, 174, 63, 174, 64, 174, 65, 174, 66, 174, 67, 174, 68, 174, 69, 174, 70, 174, 71, 174, 72, 174, 73, 174, 73, 173, 74, 173, 75, 173, 76, 173, 77, 172, 78, 172, 79, 172, 80, 172 })
1$ : ({ 81, 172, 82, 172, 83, 172, 84, 172, 85, 172, 86, 172, 87, 172, 88, 172, 88, 171, 89, 171, 90, 171, 91, 171, 92, 171, 93, 171, 94, 171, 95, 171, 96, 171, 97, 171, 97, 170, 98, 170, 99, 170, 100, 170, 101, 170, 102, 170, 103, 170, 104, 170, 105, 170, 106, 170, 106, 169, 107, 169, 108, 169, 109, 169, 110, 169, 111, 169, 112, 169, 113, 169, 114, 169, 115, 169, 115, 168, 116, 168, 117, 168, 118, 168, 119, 168, 120, 168, 121, 168, 122, 168, 123, 168, 124, 168, 125, 168, 126, 168 })
1$ : ({ 127, 168, 127, 167, 128, 167, 129, 167, 130, 167, 131, 167, 132, 167, 133, 167, 134, 167, 135, 167, 136, 167, 136, 166, 137, 166, 138, 166, 139, 166, 140, 166, 141, 166, 142, 166, 143, 166, 144, 166, 145, 166, 145, 165, 146, 165, 147, 165, 148, 165, 149, 165, 150, 165, 151, 165, 152, 165, 153, 165, 154, 165, 154, 164, 155, 164, 156, 164, 157, 164, 158, 164, 159, 164, 160, 164, 160, 163, 161, 163, 162, 163, 163, 163, 164, 162, 165, 162, 166, 162, 167, 161, 168, 161, 169, 161, 169, 160, 170, 160 })
1$ : ({ 170, 159, 171, 159, 171, 158, 171, 157, 172, 157, 172, 156, 172, 155, 172, 154, 172, 153, 172, 152, 172, 151, 172, 150, 171, 150, 171, 149, 171, 148, 170, 148, 170, 147, 169, 146, 169, 145, 168, 145, 168, 144, 167, 143, 166, 142, 165, 141, 164, 141, 164, 140, 163, 140, 162, 139, 161, 139, 160, 139, 159, 139, 158, 139, 157, 139, 156, 139, 155, 139, 154, 139, 153, 139, 152, 139, 151, 139, 150, 139, 149, 139, 148, 139, 147, 139, 146, 139, 146, 138, 145, 138, 144, 138, 143, 138, 142, 138, 141, 138 })
1$ : ({ 140, 138, 139, 138, 138, 138, 138, 137, 137, 137, 136, 137, 135, 137, 134, 137, 133, 137, 132, 137, 131, 137, 130, 137, 129, 137, 128, 137, 127, 137, 126, 137, 125, 137, 124, 137, 123, 137, 122, 137, 122, 138, 121, 138, 120, 138, 119, 138, 118, 138, 117, 138, 116, 138, 115, 138, 114, 138, 113, 138, 113, 139, 112, 139, 111, 139, 110, 139, 109, 139, 108, 139, 107, 139, 106, 139, 105, 139, 104, 139, 103, 139, 102, 139, 101, 139, 101, 140, 100, 140, 99, 140, 98, 140, 97, 140, 96, 140, 95, 140 })
1$ : ({ 94, 140, 93, 140, 92, 140, 91, 140, 90, 140, 89, 140, 89, 141, 88, 141, 87, 141, 86, 141, 85, 141, 84, 141, 83, 141, 82, 141, 81, 141, 80, 141, 80, 142, 79, 142, 78, 142, 77, 142, 76, 142, 75, 142, 74, 142, 73, 142, 72, 142, 71, 142, 70, 142, 69, 142, 68, 142, 68, 143, 67, 143, 66, 143, 65, 143, 64, 143, 63, 143, 62, 143, 61, 143, 60, 143, 59, 143, 59, 144, 58, 144, 57, 144, 56, 144, 55, 144, 54, 144, 53, 144, 52, 144, 51, 144, 50, 144, 49, 144 })
1$ : ({ 48, 144, 47, 144, 47, 145, 46, 145, 45, 145, 44, 145, 43, 145, 42, 145, 41, 145, 41, 144, 40, 144, 39, 144, 38, 144, 37, 144, 36, 144, 35, 144, 35, 143, 34, 143, 33, 143, 32, 143, 32, 142, 31, 142, 30, 142, 29, 142, 28, 141, 27, 141, 26, 141, 25, 140, 24, 140, 23, 140, 22, 139, 21, 139, 20, 138, 19, 138, 19, 137, 18, 137, 17, 136, 16, 136, 16, 135, 15, 135, 14, 134, 13, 133, 12, 132, 11, 132, 11, 131, 10, 131, 10, 130, 9, 130, 9, 129, 8, 129 })
1$ : ({ 8, 128, 8, 127, 8, 126, 8, 125, 8, 124, 8, 123, 9, 123, 9, 122, 9, 121, 9, 120, 9, 119, 9, 118, 10, 118, 10, 117, 11, 117, 11, 116, 12, 116, 12, 115, 13, 115, 13, 114, 14, 114, 15, 113, 16, 112, 16, 111, 17, 111, 18, 111, 19, 111, 20, 111, 21, 111, 22, 111, 23, 111, 24, 111, 25, 111, 26, 111, 27, 111, 28, 111, 29, 111, 30, 111, 31, 111, 32, 111, 33, 111, 34, 111, 35, 111, 36, 111, 37, 111, 38, 111, 39, 111, 40, 111, 41, 111, 42, 111 })
1$ : ({ 43, 111, 44, 111, 45, 111, 46, 111, 47, 111, 48, 111, 49, 111, 50, 111, 51, 111, 52, 111, 53, 111, 54, 111, 55, 111, 56, 111, 57, 111, 58, 111, 59, 111, 60, 111, 61, 111, 62, 111, 62, 112, 63, 112, 64, 112, 65, 112, 66, 112, 67, 112, 68, 112, 69, 112, 70, 112, 71, 112, 72, 112, 73, 112, 74, 112, 75, 112, 76, 112, 77, 112, 78, 112, 79, 112, 80, 112, 81, 112, 82, 112, 83, 112, 84, 112, 85, 112, 86, 112, 87, 112, 88, 112, 89, 112, 90, 112, 91, 112 })
1$ : ({ 92, 112, 93, 112, 94, 112, 95, 112, 96, 112, 97, 112, 98, 112, 99, 112, 100, 112, 101, 112, 102, 112, 103, 112, 104, 112, 105, 112, 106, 112, 106, 111, 107, 111, 108, 111, 109, 111, 110, 111, 110, 110, 111, 110, 112, 109, 112, 108, 113, 108, 113, 107, 114, 106, 114, 105, 115, 105, 115, 104, 115, 103, 115, 102, 115, 101, 115, 100, 115, 99, 114, 99, 114, 98, 114, 97, 114, 96, 114, 95, 114, 94, 113, 94, 113, 93, 112, 93, 112, 92, 111, 92, 111, 91, 110, 91, 109, 91, 109, 90 })
1$ : ({ 108, 90, 108, 89, 107, 89, 107, 88, 106, 88, 105, 87, 104, 87, 104, 86, 103, 86, 102, 86, 101, 86, 100, 86, 99, 86, 98, 86, 97, 86, 97, 85, 96, 85, 95, 85, 94, 85, 93, 85, 92, 85, 91, 85, 90, 85, 89, 85, 88, 85, 87, 85, 86, 85, 85, 85, 85, 84, 84, 84, 83, 84, 82, 84, 81, 84, 80, 84, 79, 84, 78, 84, 77, 84, 76, 84, 75, 84, 74, 84, 73, 84, 72, 84, 71, 84, 70, 84, 70, 83, 69, 83, 68, 83, 67, 83, 66, 83, 65, 83 })
1$ : ({ 64, 83, 63, 83, 62, 82, 61, 82, 60, 82, 60, 81, 59, 81, 58, 80, 58, 79, 57, 79, 57, 78, 57, 77, 57, 76, 57, 75, 57, 74, 57, 73, 57, 72, 57, 71, 58, 71, 58, 70, 58, 69, 59, 69, 59, 68, 60, 68, 60, 67, 61, 67, 61, 66, 62, 66, 63, 65, 64, 64, 65, 63, 66, 62, 67, 61 })
2$ : ({ 175, 19, 174, 19, 173, 20, 172, 20, 171, 21, 170, 21, 169, 22, 168, 22, 167, 23, 166, 23, 165, 24, 164, 24, 163, 25, 162, 25, 161, 26, 160, 26, 159, 27, 158, 27, 157, 28, 156, 28, 155, 29, 154, 29, 153, 30, 152, 30, 151, 31, 150, 31, 149, 32, 148, 32, 147, 33, 146, 33, 145, 34, 144, 34, 143, 35, 142, 35, 141, 36, 140, 36, 139, 37, 138, 37, 137, 38, 136, 38, 135, 38, 134, 38, 133, 38, 132, 38, 131, 38, 130, 38, 129, 38, 128, 38, 127, 38, 126, 38 })
2$ : ({ 125, 38, 124, 38, 123, 38, 122, 38, 121, 39, 120, 39, 119, 40, 118, 40, 117, 41, 116, 41, 115, 42, 114, 42, 113, 43, 112, 43, 111, 44, 110, 44, 109, 45, 108, 45, 107, 46, 106, 46, 105, 46, 104, 46, 103, 46, 102, 46, 101, 46, 100, 46, 99, 46, 98, 46, 97, 46, 96, 46, 95, 46, 94, 46, 93, 47, 92, 47, 91, 48, 90, 48, 89, 49, 88, 49, 87, 50, 86, 50, 85, 51, 84, 51, 83, 52, 82, 52, 81, 53, 80, 53, 79, 54, 78, 54, 77, 55, 76, 55, 75, 56, 74, 56, 73, 57, 72, 57, 71, 58, 70, 58, 69, 59, 68, 60, 67, 61 })
