key_name,        rate_1, rate_2, rate_3, rate_4, rate_5, rate_6, rate_7, rate_8, rate_9, rate_10
B4_range_1_rate, 0,      20,     40,     100,    200,    400,    700,    1100,   1500,   2000
B5_range_1_rate, 0,      40,     100,    200,    400,    700,    1100,   1500,   2000,   2000
lp_range_1_rate, 0,      20,     40,     100,    200,    400,    700,    1100,   1500,   2000
B4_range_2_rate, 0,      10,     20,     40,     100,    200,    400,    700,    1100,   1500
B5_range_2_rate, 0,      20,     40,     100,    200,    400,    700,    1100,   1500,   2000
lp_range_2_rate, 0,      10,     20,     40,     100,    200,    400,    700,    1100,   1500
B1_range_1_rate, 0,      120,    200,    400,    800,    1400,   2000,   2000,   2000,   2000
B2_range_1_rate, 0,      120,    200,    400,    800,    1400,   2000,   2000,   2000,   2000
B3_range_1_rate, 0,      40,     120,    200,    400,    800,    1400,   2000,   2000,   2000
B1_range_2_rate, 0,      60,     120,    200,    400,    800,    1400,   2000,   2000,   2000
B2_range_2_rate, 0,      60,     120,    200,    400,    800,    1400,   2000,   2000,   2000
B3_range_2_rate, 0,      20,     40,     120,    200,    400,    800,    1400,   2000,   2000

