#key_name, 最小持续回合, 增加持续回合数的等级
#金系
流连忘返,  2,            40,  80,  120
得意忘形,  2,            60,  120, 160
如痴如醉,  3,            120, 180
如梦初醒,  3,            80,  120
恍若隔世,  3,            80,  160
天生神力,  2,            20,  50,  90
气冲斗牛,  2,            30,  70,  120
九牛二虎,  3,            60,  120
如虎添翼,  3,            40,  90,  130, 170
力挽狂澜,  3,            40,  90,  140, 180

#木系
见血封喉,  2,            40,  80,  120
蛇口蜂针,  2,            60,  120, 160
鹤顶红粉,  3,            120, 180
蝎尾蛇涎,  3,            80,  120
万蚁噬心,  3,            80,  160
拔苗助长,  2,            20,  50,  90
火上浇油,  2,            30,  70,  120
水涨船高,  3,            60,  120
红花绿叶,  3,            40,  90,  130, 170
锦上添花,  3,            40,  90,  140, 180

#水系
三九严寒,  2,            40,  80,  120
天寒地冻,  2,            60,  120, 160
冰冻三尺,  3,            120, 180
极地冰寒,  3,            80,  120
包罗万象,  3,            80,  160
防微杜渐,  2,            20,  50,  90
铁骨铮铮,  2,            30,  70,  120
兵来将挡,  3,            60,  120
铜墙铁壁,  3,            40,  90,  130, 170
天地浑元,  3,            40,  90,  140, 180

#火系
心醉神迷,  2,            40,  80,  120
神魂颠倒,  2,            60,  120, 160
魂不守舍,  3,            120, 180
魂牵梦萦,  3,            80,  120
魂不附体,  3,            80,  160
十万火急,  2,            20,  50,  90
先声夺人,  2,            30,  70,  120
疾风迅雷,  3,            60,  120
风驰电掣,  3,            40,  90,  130, 170
兵贵神速,  3,            40,  90,  140, 180

#新火系
心锁神封,  2,            40,  80,  120
重垣迭锁,  2,            60,  120, 160
如封似闭,  3,            120, 180
困灵锁心,  3,            80,  120
云迷雾锁,  3,            80,  160
急如星火,  2,            20,  50,  90
星驰电走,  2,            30,  70,  120
电光石火,  3,            60,  120
飞云掣电,  3,            40,  90,  130, 170
虎啸风驰,  3,            40,  90,  140, 180

#土系
有心无力,  2,            40,  80,  120
顾此失彼,  2,            60,  120, 160
六神无主,  3,            120, 180
地束七魄,  3,            80,  120
天定三魂,  3,            80,  160
鞭长莫及,  2,            20,  50,  90
望风扑影,  2,            30,  70,  120
化险为夷,  3,            60,  120
避实就虚,  3,            40,  90,  130, 170
移形换影,  3,            40,  90,  140, 180

#新水系
滴水不漏,  2,          40,  80,  120
深沟壁垒,  2,          60,  120, 160
积雪封霜,  3,          120, 180
日月合璧,  3,          80,  120
镜花水月,  3,          80,  160
吐故纳新,  2,          20,  50,  90
防患未然,  2,          30,  70,  120
浑然一体,  3,          60,  120
雨消云散,  3,          40,  90,  130, 170
水火不侵,  3,          40,  90,  140, 180

惊惶失措,  2,            40,  80,  120
染神乱志,  2,            60,  120, 160
神魂飘荡,  3,            120, 180
神摇意夺,  3,            80,  120
惊神破胆,  3,            80,  160
虚虚实实,  2,            20,  50,  90
故弄玄虚,  2,            30,  70,  120
空幻虚实,  3,            60,  120
虚空幻影,  3,            40,  90,  130, 170
虚无飘渺,  3,            40,  90,  140, 180

#公共技能
翻转乾坤,  1,            60,  120,  180, 240
灵魂吞噬,  3,          40,  90,  140, 180

#奇术技能
邪灵附体, 2,           120,  180, 240

#宠物进阶技能
缓兵之计, 1,            160
束手就擒, 1,            160
闻风丧胆, 1,            160
哀痛欲绝, 1,            160

#SKILL_CLASS_WOOD_NEW
芒刺在背,  2,           40,  80,  120
物腐虫生,  2,           60,  120, 160
毒入骨髓,  3,           120, 180
九死一生,  3,           80,  120
遮天蔽日,  3,           80,  160
甘之如饴,  2,           90
春风化雨,  2,           120
润物无声,  2,           120
醍醐灌顶,  2,           170
妙手回春,  2,           180

#新金系技能
不知所措,  2,           40,  80,  120
胆颤心惊,  2,           60,  120, 160
惊魂未定,  3,           120, 180
镇魂锁心,  3,           80,  120
夺神摄魄,  3,           80,  160
全力以赴,  2,           20,  50,  90
气贯长虹,  2,           30,  70,  120
剑拔弩张,  3,           60,  120
势如破竹,  3,           40,  90,  130, 170
力劈玄黄,  3,           40,  90,  140, 180
