#特殊物品名称,     icon,   time_limit,   no_float,   是否可叠加,  价格,  声望价格,  描述
key_name,            icon, time_limit, no_float, combined, value, reputation, desc
28元龙年养育礼包,    9105, 15552000,   0,        0,        500,   0
218元龙年修仙礼包,   9106, 15552000,   0,        0,        500,   0
218元龙年利器礼包,   9107, 15552000,   0,        0,        500,   0
518元龙年神兵礼包,   9108, 15552000,   0,        0,        500,   0
18新服惊喜礼包,      9105, 15552000,   0,        0,        500,   0
28新服特惠礼包,      9106, 15552000,   0,        0,        500,   0
28新服养育礼包,      9108, 15552000,   0,        0,        500,   0
108修仙礼包,         9107, 15552000,   0,        0,        500,   0
168利器礼包,         9108, 15552000,   0,        0,        500,   0
298神兵礼包,         9109, 15552000,   0,        0,        500,   0
28新服特惠大礼包,    9106, 15552000,   0,        0,        500,   0
28新服养育大礼包,    9108, 15552000,   0,        0,        500,   0
108修仙大礼包,       9107, 15552000,   0,        0,        500,   0
168利器大礼包,       9108, 15552000,   0,        0,        500,   0
298神兵大礼包,       9109, 15552000,   0,        0,        500,   0
18新服惊喜大礼包,    9105, 15552000,   0,        0,        500,   0
18开学惊喜礼包,      9105, 15552000,   0,        0,        500,   0
28开学特惠礼包,      9106, 15552000,   0,        0,        500,   0
28开学养育礼包,      9108, 15552000,   0,        0,        500,   0
32开学助战礼包,      9105, 15552000,   0,        0,        500,   0
108开学修仙礼包,     9107, 15552000,   0,        0,        500,   0
168开学利器礼包,     9109, 15552000,   0,        0,        500,   0
298开学神兵礼包,     9103, 15552000,   0,        0,        500,   0
七彩虹礼包一,        8067, 0,          0,        0,        500,   0
七彩虹礼包二,        9237, 0,          0,        0,        500,   0
七彩虹礼包三,        9238, 0,          0,        0,        500,   0
老兵荣耀回归礼包,    9253, 0,          0,        0,        500,   0
浴火重生礼包,        9253, 0,          0,        0,        500,   0
18更铸辉煌惊喜礼包,  9105, 15552000,   0,        0,        500,   0
28更铸辉煌特惠礼包,  9106, 15552000,   0,        0,        500,   0
28更铸辉煌养育礼包,  9108, 15552000,   0,        0,        500,   0
32更铸辉煌助战礼包,  9105, 15552000,   0,        0,        500,   0
108更铸辉煌修仙礼包, 9107, 15552000,   0,        0,        500,   0
168更铸辉煌利器礼包, 9109, 15552000,   0,        0,        500,   0
298更铸辉煌神兵礼包, 9103, 15552000,   0,        0,        500,   0
18清凉一夏强化礼包,  9105, 15552000,   0,        0,        500,   0
28清凉一夏特惠礼包,  9106, 15552000,   0,        0,        500,   0
28清凉一夏养育礼包,  9108, 15552000,   0,        0,        500,   0
32清凉一夏助战礼包,  9105, 15552000,   0,        0,        500,   0
108清凉一夏修仙礼包, 9107, 15552000,   0,        0,        500,   0
168清凉一夏利器礼包, 9109, 15552000,   0,        0,        500,   0
298清凉一夏神兵礼包, 9103, 15552000,   0,        0,        500,   0
48新服镶嵌礼包,      9108, 15552000,   0,        0,        500,   0
168新服镶嵌礼包,     9109, 15552000,   0,        0,        500,   0
32新服助战礼包,      9106, 15552000,   0,        0,        500,   0
18喜气洋洋惊喜礼包,  9105, 15552000,   0,        0,        500,   0
28喜气洋洋特惠礼包,  9106, 15552000,   0,        0,        500,   0
28喜气洋洋养育礼包,  9108, 15552000,   0,        0,        500,   0
32喜气洋洋助战礼包,  9105, 15552000,   0,        0,        500,   0
48喜气洋洋异宝礼包,  9105, 15552000,   0,        0,        500,   0
108喜气洋洋修仙礼包, 9107, 15552000,   0,        0,        500,   0
168喜气洋洋利器礼包, 9109, 15552000,   0,        0,        500,   0
298喜气洋洋神兵礼包, 9103, 15552000,   0,        0,        500,   0
168喜气洋洋奇珍礼包, 9109, 15552000,   0,        0,        500,   0
18决战昆仑惊喜礼包,  9105, 15552000,   0,        0,        500,   0
28决战昆仑特惠礼包,  9106, 15552000,   0,        0,        500,   0
28决战昆仑养育礼包,  9108, 15552000,   0,        0,        500,   0
32决战昆仑助战礼包,  9105, 15552000,   0,        0,        500,   0
48决战昆仑异宝礼包,  9105, 15552000,   0,        0,        500,   0
108决战昆仑修仙礼包, 9107, 15552000,   0,        0,        500,   0
168决战昆仑利器礼包, 9109, 15552000,   0,        0,        500,   0
298决战昆仑神兵礼包, 9103, 15552000,   0,        0,        500,   0
168决战昆仑奇珍礼包, 9109, 15552000,   0,        0,        500,   0
18决战昆仑女娲礼包,  9268, 15552000,   0,        0,        500,   0
18女娲礼包,          9268, 15552000,   0,        0,        500,   0
18惊喜礼包,          9105, 15552000,   0,        0,        500,   0
28特惠礼包,          9106, 15552000,   0,        0,        500,   0
28养育礼包,          9108, 15552000,   0,        0,        500,   0

