#FORM2

[活动时间]
time_list$ : ({ "2016-07-28-00:00:00", "EVERY_DAY(35)", 0, "2016-08-31-23:59:59" })

[broadcast_setting]
broadcast_list : ({ "start_task", "during_task", "end_task" })

[start_task]
broadcast_start : "start_time(0)"
interval        : 0
broadcast_end   : "start_time(+1)"
message         : "#R【暑假】斩妖护宝#n活动开始了。#Z天墉城#Z中存放着一批即将送往西域的丝绸、瓷器和青铜杯，各路妖魔潜伏在城中准备劫持货物，请众道友帮忙斩杀妖魔保护物资。"
channel         : "CHANNEL_SYSTEM | CHANNEL_NO_BROADCAST"

[during_task]
broadcast_start : "start_time(+3600)"
interval        : 3600
broadcast_end   : "end_time(-1)"
message         : "#R【暑假】斩妖护宝#n活动正在进行中，#Z天墉城#Z中潜伏着各路妖魔，他们准备劫持即将送往西域的丝绸、瓷器和青铜杯。请众道友前往#Z天墉城#Z斩杀妖魔保护物资。"
channel         : "CHANNEL_SYSTEM | CHANNEL_NO_BROADCAST"

[end_task]
broadcast_start : "end_time(0)"
interval        : 0
broadcast_end   : "end_time(+1)"
message         : "#R【暑假】斩妖护宝#n活动结束了，感谢众道友的帮助。"
channel         : "CHANNEL_SYSTEM | CHANNEL_NO_BROADCAST"

[walk]
lines$ : ({ 293, 273, 292, 272, 291, 271, 290, 271, 290, 270, 289, 270, 289, 269, 288, 269, 288, 268, 287, 268, 287, 267, 286, 267, 286, 266, 285, 266, 284, 265, 283, 265, 283, 264, 282, 264, 282, 263, 281, 263, 281, 262, 280, 262, 279, 261, 278, 260, 277, 260, 276, 260, 275, 259, 274, 259, 273, 259, 273, 258, 272, 258, 271, 258, 270, 258, 269, 257, 268, 257, 267, 257, 266, 256, 265, 256, 264, 256, 263, 256, 263, 255, 262, 255, 261, 255, 261, 254, 260, 254, 260, 253, 259, 253, 258, 253, 258, 252, 257, 252, 256, 251, 255, 251, 255, 250, 254, 250, 254, 249, 253, 249, 252, 249, 252, 248, 251, 248, 251, 247, 250, 247, 250, 246, 249, 246, 249, 245, 248, 245, 247, 244, 246, 244, 246, 243, 245, 243, 244, 243, 244, 242, 243, 242, 242, 241, 241, 241, 241, 240, 240, 240, 239, 240, 239, 239, 238, 239, 237, 239, 236, 238, 235, 238, 234, 238, 233, 237, 232, 237, 231, 236, 230, 236, 230, 235, 229, 235, 228, 235, 227, 235, 227, 234, 226, 234, 225, 234, 224, 234, 223, 233, 222, 233, 221, 233, 220, 233, 219, 233, 218, 233, 217, 233, 217, 234, 216, 234, 215, 234, 214, 234, 213, 234, 212, 234, 211, 234, 211, 233, 210, 233, 209, 233, 208, 233, 207, 233, 206, 233, 205, 233, 204, 233, 203, 233, 202, 233, 201, 233, 200, 233, 199, 233, 198, 233, 197, 233, 196, 233, 195, 233, 194, 233, 193, 233, 193, 232, 192, 232, 192, 231, 191, 231, 191, 230, 190, 230, 189, 229, 188, 228, 187, 227, 186, 226, 186, 225, 185, 225, 184, 225, 184, 224, 183, 224, 183, 223, 182, 223, 182, 222, 181, 222, 180, 221, 180, 220, 180, 219, 180, 218, 180, 217, 179, 216, 179, 215, 179, 214, 179, 213, 178, 213, 178, 212, 178, 211, 178, 210, 178, 209, 178, 208, 178, 207, 178, 206, 178, 205, 178, 204, 178, 203, 177, 203, 177, 202, 176, 202, 176, 201, 175, 201, 175, 200, 174, 200, 174, 199, 173, 199, 173, 198, 172, 198, 172, 197, 171, 196, 170, 195, 169, 194, 168, 193, 167, 192, 166, 191, 165, 190, 164, 189, 163, 188, 162, 187, 163, 187, 163, 186, 164, 186, 164, 185, 165, 184, 165, 183, 166, 183, 166, 182, 167, 182, 167, 181, 168, 181, 168, 180, 168, 179, 168, 178, 169, 178, 169, 177, 170, 177, 170, 176, 171, 176, 171, 175, 172, 175, 172, 174, 173, 174, 173, 173, 174, 173, 175, 172, 176, 172, 177, 172, 178, 172, 179, 172, 179, 171, 180, 171, 181, 171, 182, 171, 183, 171, 184, 171, 185, 171, 186, 171, 187, 171, 188, 171, 189, 171, 190, 171, 191, 171, 191, 170, 192, 170, 193, 170, 194, 170, 195, 170, 196, 170, 197, 170, 198, 170, 199, 170, 200, 170, 200, 169, 201, 169, 202, 169, 203, 169, 203, 168, 204, 168, 205, 168, 206, 168, 207, 167, 208, 167, 209, 167, 210, 166, 211, 166, 212, 166, 213, 166, 213, 165, 214, 165, 214, 164, 215, 164, 216, 163, 217, 163, 217, 162, 218, 162, 218, 161, 219, 161, 220, 160, 221, 160, 221, 159, 222, 159, 222, 158, 223, 158, 223, 157, 224, 157, 225, 156, 226, 155, 227, 155, 227, 154, 228, 154, 228, 153, 229, 153, 228, 152, 228, 151, 228, 150, 228, 149, 228, 148, 227, 148, 227, 147, 227, 146, 226, 146, 225, 146, 225, 145, 224, 145, 223, 145, 223, 144, 222, 144, 221, 144, 221, 143, 220, 143, 219, 143, 219, 142, 218, 142, 218, 141, 217, 141, 216, 141, 216, 140, 215, 140, 215, 139, 214, 139, 213, 139, 213, 138, 212, 138, 212, 137, 211, 137, 210, 137, 210, 136, 209, 136, 209, 135, 208, 135, 207, 135, 206, 135, 206, 134, 205, 134, 204, 133, 203, 133, 203, 132, 202, 132, 201, 132, 201, 131, 200, 131, 200, 130, 199, 130, 198, 130, 198, 129, 197, 129, 197, 128, 196, 128, 195, 128, 195, 127, 194, 127, 193, 127, 193, 126, 192, 126, 192, 125, 191, 125, 190, 125, 190, 124, 189, 124, 188, 124, 188, 123, 187, 123, 187, 122, 186, 122, 185, 122, 185, 121, 184, 121, 184, 120, 183, 120, 182, 120, 181, 120, 181, 119, 180, 119, 179, 118, 178, 118, 178, 117, 177, 117, 176, 117, 176, 116, 175, 116, 175, 115, 174, 115, 173, 115, 172, 115, 172, 114, 171, 114, 171, 113, 170, 113, 169, 113, 169, 112, 168, 112, 168, 111, 167, 111, 166, 110, 165, 110, 165, 109, 164, 109, 164, 108, 163, 108, 162, 108, 161, 108, 161, 107, 160, 107, 159, 106, 158, 106, 158, 105, 157, 105, 156, 105, 156, 104, 155, 104, 155, 103, 154, 103, 153, 103, 153, 102, 152, 102, 152, 101, 151, 101, 150, 101, 150, 100, 149, 100, 149, 99, 148, 99, 147, 99, 146, 99, 146, 98, 145, 98, 144, 98, 144, 97, 143, 97, 142, 96, 141, 95, 140, 95, 140, 94, 139, 94, 138, 94, 137, 94, 137, 93, 136, 93, 135, 93, 135, 92, 134, 92, 133, 92, 132, 92, 132, 91, 131, 91, 130, 91, 129, 91, 129, 90, 128, 90, 127, 90, 126, 89, 125, 89, 124, 88, 123, 88, 123, 87, 122, 87, 121, 87, 120, 87, 120, 86, 119, 86, 118, 86, 117, 85, 116, 85, 115, 85, 114, 84, 113, 84, 112, 84, 111, 83, 110, 83, 109, 83, 109, 82, 108, 82, 108, 81, 107, 81, 106, 80, 105, 80, 105, 79, 104, 79, 104, 78, 103, 78, 103, 77, 102, 77, 102, 76, 101, 76, 101, 75, 100, 75, 99, 75, 99, 74, 98, 74, 98, 73, 97, 73, 96, 73, 96, 72, 95, 72, 95, 71, 94, 71, 93, 71, 93, 70, 92, 70, 92, 69, 91, 69, 90, 69, 90, 68, 89, 68, 88, 67, 87, 67, 86, 66, 85, 66, 85, 65, 84, 65, 83, 65, 82, 65, 82, 64, 81, 64, 80, 63, 79, 63, 79, 62, 78, 62, 77, 62, 76, 62, 76, 61, 75, 61, 74, 60, 73, 60, 73, 59, 72, 59, 71, 59, 70, 59, 70, 58, 69, 58, 68, 57, 67, 57, 66, 56, 65, 56, 65, 55, 64, 55, 63, 55, 62, 54, 61, 54, 60, 54, 59, 53, 58, 53, 57, 52, 56, 52, 56, 51, 55, 51, 54, 51 })
lines$ : ({ 408, 198, 408, 197, 409, 196, 409, 195, 409, 194, 409, 193, 409, 192, 410, 192, 410, 191, 410, 190, 410, 189, 410, 188, 410, 187, 410, 186, 410, 185, 410, 184, 410, 183, 410, 182, 409, 182, 409, 181, 408, 181, 407, 180, 406, 180, 406, 179, 405, 179, 405, 178, 404, 178, 403, 177, 402, 177, 402, 176, 401, 176, 401, 175, 400, 175, 399, 175, 398, 175, 398, 174, 397, 174, 396, 173, 395, 173, 395, 172, 394, 172, 393, 172, 393, 171, 392, 171, 392, 170, 391, 170, 390, 170, 390, 169, 389, 169, 388, 168, 387, 168, 387, 167, 386, 167, 386, 166, 385, 166, 384, 166, 384, 165, 383, 165, 383, 164, 382, 164, 381, 164, 381, 163, 382, 162, 382, 161, 383, 161, 384, 160, 384, 159, 385, 159, 385, 158, 386, 158, 387, 158, 387, 157, 388, 157, 388, 156, 389, 156, 389, 155, 390, 155, 390, 154, 391, 154, 391, 153, 392, 153, 393, 152, 394, 152, 394, 151, 395, 151, 395, 150, 396, 150, 396, 149, 397, 149, 398, 148, 398, 147, 399, 147, 399, 146, 399, 145, 400, 145, 400, 144, 400, 143, 401, 143, 401, 142, 402, 142, 402, 141, 402, 140, 403, 139, 403, 138, 404, 137, 404, 136, 405, 136, 405, 135, 405, 134, 406, 134, 406, 133, 406, 132, 406, 131, 406, 130, 406, 129, 406, 128, 405, 128, 405, 127, 405, 126, 405, 125, 405, 124, 405, 123, 405, 122, 404, 122, 404, 121, 403, 121, 403, 120, 402, 120, 402, 119, 401, 119, 401, 118, 400, 117, 399, 117, 399, 116, 398, 115, 397, 114, 396, 113, 395, 112, 394, 111, 393, 110, 392, 109, 391, 108, 390, 107, 389, 106, 388, 105, 387, 104, 386, 104, 385, 104, 385, 103, 384, 103, 383, 103, 382, 103, 381, 102, 380, 102, 379, 102, 378, 101, 377, 101, 376, 101, 375, 101, 374, 101, 373, 101, 373, 100, 372, 100, 371, 100, 370, 100, 369, 100, 368, 100, 367, 100, 366, 99, 365, 99, 364, 99, 363, 98, 362, 98, 361, 98, 360, 98, 359, 98, 358, 98, 358, 97, 357, 97, 356, 97, 355, 97, 354, 97, 353, 97, 353, 96, 352, 96, 351, 96, 350, 96, 349, 96, 349, 95, 348, 95, 347, 95, 346, 95, 345, 94, 344, 94, 343, 94, 342, 93, 341, 93, 340, 93, 339, 93, 338, 93, 337, 93, 336, 92, 335, 92, 334, 92, 333, 91, 332, 91, 331, 91, 330, 91, 330, 92, 329, 92, 328, 92, 327, 92, 326, 92, 326, 93, 325, 93, 324, 93, 323, 93, 322, 93, 321, 93, 320, 93, 319, 93, 318, 93, 317, 93, 317, 94, 316, 94, 315, 94, 314, 94, 313, 94, 312, 94, 311, 94, 310, 94, 309, 94, 308, 94, 308, 95, 307, 95, 306, 95, 305, 95, 304, 95, 303, 95, 303, 96, 302, 96, 301, 96, 301, 97, 300, 97, 299, 97, 298, 97, 298, 98, 297, 98, 296, 98, 295, 98, 295, 99, 294, 99, 293, 99, 292, 100, 291, 100, 290, 100, 289, 101, 288, 101, 287, 101, 287, 102, 286, 102, 285, 103, 284, 103, 284, 104, 283, 104, 283, 105, 282, 105, 282, 106, 281, 106, 280, 107, 279, 107, 279, 108, 278, 108, 278, 109, 277, 109, 276, 109, 276, 110, 275, 110, 275, 111, 274, 111, 273, 111, 273, 112, 272, 112, 272, 113, 271, 113, 270, 113, 270, 114, 269, 114, 268, 114, 267, 114, 267, 115, 266, 115, 265, 115, 264, 115, 264, 116, 263, 116, 262, 116, 261, 116, 260, 116, 259, 116, 258, 116, 258, 117, 257, 117, 256, 117, 255, 117, 254, 117, 253, 117, 252, 117, 251, 117, 250, 117, 249, 117, 249, 118, 248, 118, 247, 118, 246, 118, 245, 118, 245, 119, 244, 119, 244, 120, 243, 120, 243, 121, 242, 121, 242, 122, 241, 122, 240, 123, 239, 124, 238, 125, 238, 126, 237, 126, 237, 127, 236, 127, 236, 128, 235, 128, 235, 129, 234, 130, 233, 131, 233, 132, 233, 133, 233, 134, 234, 135, 234, 136, 234, 137, 235, 138, 235, 139, 236, 140, 236, 141, 237, 141, 237, 142, 237, 143, 238, 144, 238, 145, 238, 146, 239, 147, 239, 148, 239, 149, 240, 150, 240, 151, 240, 152, 241, 152, 241, 153, 241, 154, 241, 155, 241, 156, 241, 157, 242, 157, 242, 158, 242, 159, 242, 160, 242, 161, 242, 162, 242, 163, 242, 164, 242, 165, 242, 166, 242, 167, 242, 168, 242, 169, 242, 170, 242, 171, 242, 172, 242, 173, 242, 174, 242, 175, 242, 176, 242, 177, 242, 178, 243, 179, 243, 180, 244, 180, 244, 181, 244, 182, 244, 183, 245, 183, 245, 184, 245, 185, 245, 186, 245, 187, 245, 188, 246, 188, 246, 189, 246, 190, 247, 190, 247, 191, 248, 191, 248, 192, 249, 192, 249, 193, 250, 193, 250, 194, 251, 194, 251, 195, 252, 195, 253, 196, 254, 196, 254, 197, 255, 197, 255, 198, 256, 198, 257, 199, 258, 200, 259, 200, 260, 201, 261, 201, 262, 201, 262, 202, 263, 202, 264, 202, 264, 203, 265, 203, 266, 203, 267, 203, 268, 203, 269, 204, 270, 204, 271, 204, 272, 204, 272, 205, 273, 205, 274, 205, 275, 205, 275, 206, 276, 206, 277, 206, 278, 206, 279, 206, 280, 206, 281, 206, 281, 207, 282, 207, 283, 207, 284, 207, 285, 207, 286, 207, 286, 208, 287, 208, 288, 208, 288, 209, 289, 209, 290, 209, 291, 209, 291, 210, 292, 210, 293, 210, 293, 211, 294, 211, 294, 212, 295, 212, 296, 212, 297, 212, 297, 213, 298, 213, 299, 213, 300, 214, 301, 214, 302, 214, 303, 215, 304, 215, 305, 215, 305, 216, 306, 216, 307, 216, 308, 216, 308, 217, 309, 217, 310, 217, 311, 217, 312, 218, 313, 218, 314, 218, 315, 219, 316, 219, 317, 219, 318, 219, 319, 219, 320, 219, 320, 220, 321, 220, 322, 220, 323, 220, 323, 221, 324, 221, 325, 221, 326, 222, 327, 222, 328, 222, 328, 223, 329, 223, 330, 223, 331, 224, 332, 224, 333, 225, 334, 225, 334, 226, 335, 226, 336, 226, 337, 226, 337, 225, 338, 225, 339, 225, 340, 225, 341, 225, 341, 224, 342, 224, 343, 224, 344, 224, 345, 224, 346, 224, 347, 224, 348, 224, 349, 224, 350, 224, 350, 223, 351, 223, 352, 223, 353, 223, 354, 223, 355, 223, 355, 222, 356, 222, 357, 222, 358, 221, 359, 221, 360, 221, 360, 220, 361, 220, 362, 220, 363, 219, 364, 219, 365, 219, 366, 219, 367, 219, 368, 219, 368, 218, 369, 218, 370, 217, 371, 217, 371, 216, 372, 216, 373, 215, 374, 215, 374, 214, 375, 214, 375, 213, 376, 213, 377, 213, 377, 212, 378, 212, 378, 211, 379, 211, 380, 211, 381, 211, 381, 210, 382, 210, 382, 209, 383, 209, 384, 209, 384, 208, 385, 208, 386, 208, 386, 207, 387, 207, 388, 206, 389, 206, 389, 205, 390, 205, 391, 205, 392, 205, 392, 204, 393, 204, 394, 204, 394, 203, 395, 203, 396, 203, 396, 202, 397, 202, 398, 202, 398, 201, 399, 201, 400, 201, 401, 201, 401, 200, 402, 200, 403, 200, 404, 199, 405, 199, 406, 199, 407, 198, 408, 198 })
lines$ : ({ 150, 274, 151, 273, 152, 272, 153, 271, 154, 270, 155, 269, 156, 268, 157, 267, 158, 266, 159, 265, 160, 264, 161, 263, 162, 263, 162, 262, 163, 262, 163, 261, 164, 261, 164, 260, 165, 260, 165, 259, 166, 259, 167, 258, 168, 257, 169, 256, 170, 255, 171, 255, 171, 254, 172, 254, 173, 253, 174, 252, 174, 251, 175, 251, 176, 250, 177, 250, 177, 249, 178, 249, 178, 248, 179, 248, 180, 248, 180, 247, 181, 247, 181, 246, 182, 246, 183, 245, 184, 245, 184, 244, 185, 244, 186, 243, 187, 243, 187, 242, 188, 242, 188, 241, 189, 241, 190, 241, 190, 240, 191, 240, 191, 239, 192, 239, 193, 239, 194, 239, 194, 238, 195, 238, 195, 237, 196, 237, 196, 236, 197, 236, 197, 235, 198, 235, 198, 234, 199, 234, 199, 233, 200, 233, 201, 233, 201, 232, 202, 232, 202, 231, 203, 231, 203, 232, 204, 232, 205, 232, 206, 232, 206, 233, 207, 233, 208, 233, 209, 233, 210, 233, 211, 233, 212, 233, 213, 233, 213, 232, 214, 232, 215, 232, 216, 232, 217, 232, 218, 231, 219, 231, 220, 231, 220, 230, 221, 230, 222, 230, 223, 230, 223, 229, 224, 229, 225, 229, 226, 228, 227, 228, 228, 228, 229, 227, 230, 227, 231, 227, 232, 226, 233, 226, 234, 226, 235, 226, 236, 226, 237, 226, 237, 225, 238, 225, 239, 225, 239, 224, 240, 224, 240, 223, 241, 223, 242, 223, 242, 222, 243, 222, 244, 222, 244, 221, 245, 221, 245, 220, 246, 220, 247, 220, 248, 220, 248, 219, 249, 219, 250, 218, 251, 218, 251, 217, 252, 217, 253, 217, 254, 216, 255, 216, 256, 215, 257, 215, 257, 214, 258, 214, 259, 213, 260, 213, 260, 212, 261, 212, 262, 211, 263, 211, 263, 210, 264, 210, 264, 209, 265, 209, 266, 209, 267, 209, 267, 208, 268, 208, 269, 207, 270, 207, 270, 206, 271, 206, 272, 206, 272, 205, 273, 205, 273, 204, 274, 204, 275, 204, 275, 203, 276, 203, 276, 202, 277, 202, 278, 202, 279, 202, 279, 201, 280, 201, 281, 200, 282, 200, 282, 199, 283, 199, 284, 199, 284, 198, 285, 198, 286, 197, 287, 197, 287, 196, 288, 196, 289, 196, 289, 195, 290, 195, 290, 194, 291, 194, 292, 194, 292, 193, 293, 193, 294, 192, 295, 192, 296, 192, 296, 191, 297, 191, 298, 190, 299, 190, 299, 189, 300, 189, 301, 189, 301, 188, 302, 188, 302, 187, 303, 187, 304, 187, 304, 186, 305, 186, 306, 185, 307, 185, 308, 185, 308, 184, 309, 184, 310, 183, 311, 183, 311, 182, 312, 182, 313, 182, 313, 181, 314, 181, 315, 181, 315, 180, 316, 180, 316, 179, 317, 179, 318, 178, 319, 178, 319, 177, 320, 177, 320, 176, 321, 176, 322, 176, 322, 175, 323, 175, 323, 174, 324, 174, 325, 174, 325, 173, 326, 173, 327, 172, 328, 172, 329, 172, 329, 171, 330, 171, 331, 170, 332, 170, 332, 169, 333, 169, 334, 169, 334, 168, 335, 168, 335, 167, 336, 167, 337, 167, 337, 166, 338, 166, 338, 165, 339, 165, 340, 165, 341, 165, 341, 164, 342, 164, 343, 164, 344, 164, 344, 163, 345, 163, 346, 163, 347, 163, 348, 162, 349, 162, 350, 162, 351, 162, 352, 162, 353, 162, 353, 161, 354, 161, 355, 161, 356, 161, 357, 161, 358, 161, 359, 161, 359, 160, 360, 160, 361, 160, 362, 160, 363, 160, 364, 160, 365, 160, 365, 159, 366, 159, 367, 159, 368, 159, 369, 159, 370, 159, 371, 159, 371, 158, 372, 158, 373, 158, 373, 157, 374, 157, 375, 157, 376, 157, 376, 156, 377, 156, 378, 156, 379, 156, 380, 156, 381, 156, 381, 155, 382, 155, 383, 155, 384, 155, 385, 154, 386, 154, 387, 154, 388, 153, 389, 153, 390, 153, 391, 152, 392, 152, 393, 152, 394, 151, 395, 151, 396, 151, 397, 151, 398, 151, 399, 151, 399, 150, 400, 150, 401, 150, 402, 150, 403, 149, 404, 149, 404, 148, 404, 147, 404, 146, 404, 145, 405, 145, 405, 144, 405, 143, 405, 142, 405, 141, 405, 140, 405, 139, 405, 138, 405, 137, 405, 136, 405, 135, 406, 135, 406, 134, 406, 133, 406, 132, 406, 131, 406, 130, 406, 129, 405, 129, 405, 128, 405, 127, 404, 127, 404, 126, 403, 126, 403, 125, 402, 125, 401, 124, 401, 123, 400, 123, 400, 122, 399, 122, 399, 121, 398, 121, 398, 120, 397, 119, 396, 118, 395, 117, 394, 116, 393, 115, 393, 114, 392, 114, 392, 113, 391, 113, 391, 112, 390, 111, 389, 111, 389, 110, 388, 110, 388, 109, 387, 109, 387, 108, 386, 108, 385, 107, 384, 107, 384, 106, 383, 106, 382, 105, 381, 105, 380, 105, 380, 104, 379, 104, 378, 104, 378, 103, 377, 103, 377, 102, 376, 102, 375, 102, 375, 101, 374, 101, 374, 100, 373, 100, 372, 100, 372, 99, 371, 99, 371, 98, 370, 98, 369, 98, 368, 97, 367, 97, 366, 96, 365, 96, 365, 95, 364, 95, 363, 95, 362, 95, 362, 94, 361, 94, 360, 94, 359, 94, 358, 93, 357, 93, 356, 93, 355, 93, 354, 93, 353, 93, 353, 92, 352, 92, 351, 92, 350, 92, 349, 92, 348, 92, 347, 92, 346, 92, 345, 92, 344, 92, 344, 91, 343, 91, 342, 91, 341, 91, 340, 91, 339, 91, 338, 91, 337, 91, 336, 90, 335, 90, 334, 90, 334, 89, 333, 89, 332, 88, 331, 88, 331, 87, 330, 87, 329, 87, 329, 86, 328, 86, 329, 86, 329, 85, 330, 85, 330, 84, 331, 84, 331, 83, 332, 83, 332, 82, 333, 82, 333, 81, 334, 81, 335, 80, 335, 79, 336, 79, 337, 78, 338, 77, 338, 76, 339, 76, 339, 75, 340, 75, 340, 74, 341, 74, 341, 73, 342, 73, 343, 73, 343, 72, 344, 72, 344, 71, 345, 71, 346, 70, 347, 69, 348, 69, 348, 68, 349, 68, 350, 67, 350, 66, 351, 66, 351, 65, 352, 65, 353, 64, 353, 63, 354, 63, 355, 62, 356, 61, 357, 61, 357, 60, 358, 60, 358, 59, 359, 59, 359, 58, 360, 58, 361, 57, 362, 56, 363, 55, 364, 54, 365, 53, 366, 53, 366, 52, 367, 52, 367, 51, 368, 51, 369, 51, 370, 51, 370, 50, 371, 50, 372, 50, 373, 50, 374, 50, 375, 50, 376, 50, 377, 50, 378, 50, 379, 50, 380, 50, 381, 50, 382, 50, 383, 50, 384, 50, 385, 50, 386, 50, 387, 50, 388, 50 })
lines$ : ({ 33, 136, 33, 135, 34, 135, 35, 135, 35, 134, 36, 134, 37, 133, 38, 133, 38, 132, 39, 132, 40, 132, 41, 132, 41, 131, 42, 131, 43, 131, 44, 130, 45, 130, 46, 130, 46, 129, 47, 129, 48, 128, 49, 128, 49, 127, 50, 127, 51, 127, 51, 126, 52, 126, 53, 125, 54, 125, 54, 124, 55, 124, 56, 123, 57, 123, 58, 122, 59, 122, 60, 122, 60, 121, 61, 121, 62, 120, 63, 120, 63, 119, 64, 119, 65, 119, 66, 118, 67, 118, 68, 117, 69, 117, 70, 117, 70, 116, 71, 116, 72, 116, 73, 115, 74, 115, 75, 115, 76, 114, 77, 114, 78, 114, 79, 113, 80, 113, 81, 113, 81, 112, 82, 112, 83, 111, 84, 111, 84, 110, 85, 110, 85, 109, 86, 109, 86, 108, 87, 108, 88, 107, 88, 106, 89, 106, 90, 105, 91, 104, 92, 103, 92, 102, 93, 102, 94, 102, 94, 101, 95, 101, 95, 100, 96, 100, 96, 99, 97, 99, 97, 98, 98, 98, 98, 97, 99, 97, 100, 97, 101, 96, 102, 96, 103, 95, 104, 95, 105, 95, 105, 94, 106, 94, 107, 94, 108, 94, 109, 94, 110, 94, 110, 93, 111, 93, 112, 93, 113, 93, 114, 92, 115, 92, 116, 92, 117, 91, 118, 91, 119, 91, 120, 91, 121, 90, 122, 90, 122, 89, 123, 89, 124, 89, 124, 88, 125, 88, 126, 88, 126, 87, 127, 87, 128, 87, 128, 86, 129, 86, 129, 85, 130, 85, 131, 85, 132, 85, 132, 84, 133, 84, 134, 83, 135, 83, 135, 82, 136, 82, 137, 82, 138, 82, 138, 81, 139, 81, 140, 81, 140, 80, 141, 80, 142, 80, 142, 79, 143, 79, 144, 79, 145, 79, 145, 78, 146, 78, 147, 78, 147, 77, 148, 77, 149, 77, 150, 77, 151, 77, 152, 77, 152, 76, 153, 76, 154, 76, 155, 76, 156, 75, 157, 75, 158, 75, 159, 74, 160, 74, 161, 74, 162, 74, 162, 73, 162, 72, 163, 71, 163, 70, 163, 69, 164, 68, 164, 67, 164, 66, 165, 65, 165, 64, 165, 63, 165, 62, 164, 62, 164, 61, 163, 61, 162, 61, 162, 60, 161, 60, 161, 59, 160, 59, 160, 58, 159, 58, 159, 57, 158, 57, 158, 56, 157, 56, 156, 55, 155, 54, 154, 53, 153, 52, 152, 51, 151, 51, 150, 50, 149, 50, 149, 49, 148, 49, 148, 48, 147, 48, 147, 47, 147, 46, 147, 45, 147, 44, 148, 44, 148, 43, 148, 42, 149, 42, 149, 41, 150, 41, 150, 40, 151, 40, 151, 39, 152, 39, 153, 38, 154, 37, 155, 36, 156, 35, 156, 34, 157, 34, 158, 33, 159, 32, 160, 31, 161, 30, 162, 30, 162, 29, 163, 29, 163, 28, 164, 28, 165, 27, 166, 26, 167, 25, 168, 24, 169, 23, 170, 22, 171, 21, 172, 20, 173, 19, 174, 18, 174, 17, 174, 16, 174, 15, 174, 14, 174, 13, 173, 13, 172, 13, 171, 13, 171, 14, 170, 14, 169, 14, 169, 15, 168, 15, 167, 15, 166, 15, 166, 16, 165, 16, 164, 17, 163, 17, 163, 18, 162, 18, 161, 18, 160, 18, 160, 19, 159, 19, 158, 19, 157, 20, 156, 20, 155, 21, 154, 21, 154, 22, 153, 22, 152, 22, 151, 22, 151, 23, 150, 23, 149, 23, 148, 24, 147, 24, 146, 25, 145, 25, 145, 26, 144, 26, 143, 26, 142, 26, 141, 26, 140, 26, 139, 26, 138, 26, 137, 26, 136, 26, 135, 26, 136, 26, 137, 26, 138, 26, 139, 25, 140, 25, 141, 25, 142, 25, 143, 25, 144, 25, 145, 25, 146, 25, 147, 25, 148, 24, 149, 24, 150, 24, 150, 23, 151, 23, 152, 23, 153, 23, 153, 22, 154, 22, 155, 21, 156, 21, 156, 20, 157, 20, 158, 20, 159, 19, 160, 19, 161, 19, 161, 18, 162, 18, 163, 18, 163, 17, 164, 17, 165, 17, 165, 16, 166, 16, 167, 16, 167, 15, 168, 15, 169, 15, 169, 14, 170, 14, 171, 14, 171, 13, 172, 13, 173, 13, 174, 13, 174, 14, 174, 15, 174, 16, 174, 17, 174, 18, 174, 19, 173, 20, 172, 21, 171, 22, 170, 23, 169, 24, 168, 25, 167, 26, 166, 27, 165, 28, 164, 29, 163, 30, 162, 31, 161, 32, 160, 32, 160, 33, 159, 33, 159, 34, 158, 34, 157, 35, 156, 36, 155, 37, 154, 38, 153, 39, 152, 40, 151, 41, 150, 42, 149, 43, 148, 43, 148, 44, 147, 44, 147, 45, 147, 46, 147, 47, 147, 48, 147, 49, 148, 49, 148, 50, 149, 50, 150, 50, 150, 51, 151, 51, 152, 51, 153, 51, 153, 52, 154, 52, 154, 53, 155, 53, 155, 54, 156, 54, 156, 55, 157, 55, 158, 56, 159, 57, 160, 58, 161, 59, 162, 60, 163, 61, 164, 62, 165, 63, 166, 64, 167, 65, 168, 66, 169, 67, 169, 68, 169, 69, 170, 69, 170, 70, 170, 71, 170, 72, 170, 73, 170, 74, 170, 75, 170, 76, 170, 77, 170, 78, 170, 79, 170, 80, 170, 81, 170, 82, 171, 82, 171, 83, 172, 83, 172, 84, 173, 85, 173, 86, 174, 86, 174, 87, 175, 87, 175, 88, 175, 89, 176, 89, 176, 90, 177, 90, 177, 91, 177, 92, 178, 92, 179, 92, 180, 92, 180, 91, 181, 91, 182, 91, 182, 90, 183, 90, 184, 90, 184, 89, 185, 89, 186, 88, 187, 88, 187, 87, 188, 87, 189, 87, 190, 87, 190, 86, 191, 86, 192, 86, 192, 85, 193, 85, 194, 85, 195, 84, 196, 84, 197, 83, 198, 83, 198, 82, 199, 82, 200, 82, 200, 81, 201, 81, 202, 80, 203, 80, 203, 79, 204, 79, 205, 78, 206, 78, 206, 77, 207, 77, 208, 77, 208, 76, 209, 76, 210, 75, 211, 75, 212, 75, 212, 74, 213, 74, 214, 74, 214, 73, 215, 73, 216, 73, 216, 72, 217, 72, 218, 72, 219, 71, 220, 71, 220, 70, 221, 70, 222, 70, 222, 69, 223, 69, 224, 69, 225, 69, 225, 68, 226, 68, 227, 68, 227, 67, 228, 67, 229, 67, 230, 67, 230, 66, 231, 66, 232, 66, 233, 66, 234, 66, 234, 67, 235, 67, 236, 67, 237, 67, 237, 68, 238, 68, 238, 69, 239, 69, 239, 70, 240, 70, 240, 71, 241, 72, 241, 73, 242, 73, 242, 74, 243, 74, 243, 75, 243, 76, 244, 76, 245, 76, 245, 77, 246, 77, 247, 77, 248, 78, 249, 78, 250, 78, 251, 78, 251, 79, 252, 79, 253, 79, 254, 79, 254, 80, 255, 80, 256, 80, 257, 80, 257, 81, 258, 81, 259, 81, 260, 82, 261, 82, 262, 83, 263, 83, 264, 83, 264, 84, 265, 84, 266, 85, 267, 85, 268, 86, 269, 86, 270, 86, 270, 87, 271, 87, 272, 87, 272, 88, 273, 88, 274, 88, 274, 89, 275, 89, 276, 89, 276, 90, 277, 90, 278, 91, 279, 91, 280, 92, 281, 92, 281, 93, 282, 93, 283, 93, 283, 94, 284, 94, 285, 94, 285, 95, 286, 95, 287, 95, 287, 96, 288, 96, 289, 97, 290, 97, 290, 98, 291, 98, 292, 98, 292, 99, 293, 99 })
